(47 368 1)
(108 206 1)
(108 465 1)
(511 428 1)
(199 169 1)
(40 127 1)
(108 83 1)
(108 249 1)
(510 393 1)
(40 502 1)
(108 168 1)
(199 116 1)
(199 409 1)
(40 377 1)
(108 404 1)
(457 149 1)
(510 232 1)
(40 204 1)
(306 489 1)
(40 448 1)
(40 257 1)
(379 87 1)
(109 410 1)
(199 248 1)
(254 370 1)
(254 0 1)
(40 223 1)
(200 235 1)
(40 159 1)
(378 331 1)
(378 156 1)
(378 11 1)
(253 267 1)
(378 51 1)
(109 299 1)
(199 12 1)
(40 324 1)
(108 509 1)
(307 96 1)
(200 283 1)
(0 338 1)
(307 454 1)
(40 160 1)
(456 491 1)
(378 137 1)
(110 426 1)
(199 473 1)
(40 480 1)
(200 430 1)
(306 101 1)
(40 59 1)
(379 121 1)
(108 36 1)
(457 300 1)
(510 283 1)
(110 76 1)
(378 455 1)
(200 395 1)
(108 139 1)
(40 471 1)
(456 481 1)
(41 56 1)
(41 57 1)
(457 136 1)
(40 73 1)
(378 16 1)
(199 108 1)
(199 273 1)
(1 79 1)
(200 292 1)
(41 140 1)
(41 86 1)
(254 419 1)
(198 390 1)
(198 223 1)
(253 325 1)
(110 346 1)
(457 430 1)
(41 143 1)
(377 272 1)
(305 290 1)
(1 422 1)
(1 341 1)
(198 72 1)
(110 480 1)
(455 148 1)
(455 439 1)
(107 312 1)
(107 397 1)
(381 289 1)
(40 99 1)
(200 34 1)
(305 340 1)
(377 475 1)
(377 81 1)
(1 33 1)
(381 484 1)
(40 300 1)
(307 412 1)
(1 68 1)
(111 55 1)
(198 397 1)
(200 414 1)
(307 11 1)
(510 268 1)
(40 196 1)
(111 430 1)
(307 134 1)
(107 280 1)
(111 247 1)
(307 343 1)
(377 326 1)
(455 183 1)
(255 501 1)
(198 129 1)
(253 434 1)
(255 272 1)
(381 186 1)
(107 180 1)
(1 236 1)
(377 124 1)
(41 252 1)
(39 437 1)
(455 507 1)
(112 294 1)
(252 210 1)
(41 116 1)
(41 192 1)
(381 432 1)
(112 289 1)
(198 412 1)
(457 409 1)
(252 434 1)
(41 60 1)
(201 428 1)
(107 103 1)
(308 38 1)
(252 348 1)
(197 120 1)
(39 151 1)
(39 503 1)
(197 81 1)
(201 314 1)
(197 403 1)
(201 338 1)
(308 461 1)
(112 312 1)
(41 389 1)
(106 28 1)
(376 345 1)
(381 263 1)
(197 323 1)
(41 388 1)
(455 230 1)
(203 278 1)
(203 12 1)
(106 80 1)
(376 461 1)
(308 389 1)
(112 338 1)
(308 165 1)
(382 436 1)
(376 266 1)
(382 422 1)
(1 238 1)
(203 14 1)
(308 150 1)
(1 156 1)
(112 144 1)
(255 102 1)
(42 230 1)
(305 394 1)
(376 490 1)
(308 105 1)
(196 225 1)
(2 308 1)
(2 476 1)
(196 216 1)
(38 194 1)
(106 225 1)
(106 132 1)
(453 375 1)
(458 472 1)
(112 342 1)
(38 123 1)
(252 369 1)
(252 154 1)
(304 322 1)
(204 417 1)
(382 493 1)
(375 92 1)
(375 404 1)
(42 488 1)
(309 317 1)
(309 465 1)
(458 186 1)
(42 276 1)
(204 74 1)
(204 466 1)
(309 141 1)
(2 383 1)
(257 311 1)
(304 418 1)
(309 167 1)
(508 78 1)
(459 19 1)
(304 466 1)
(106 425 1)
(2 364 1)
(251 432 1)
(2 291 1)
(459 491 1)
(508 145 1)
(257 264 1)
(508 161 1)
(453 35 1)
(310 75 1)
(310 57 1)
(42 321 1)
(195 424 1)
(195 225 1)
(453 84 1)
(195 366 1)
(38 349 1)
(205 35 1)
(113 262 1)
(195 95 1)
(251 155 1)
(303 221 1)
(113 409 1)
(251 320 1)
(42 344 1)
(303 11 1)
(105 208 1)
(303 5 1)
(508 277 1)
(303 318 1)
(452 418 1)
(38 259 1)
(303 90 1)
(195 495 1)
(205 215 1)
(459 202 1)
(375 394 1)
(459 461 1)
(205 286 1)
(2 173 1)
(251 175 1)
(310 420 1)
(251 433 1)
(251 89 1)
(451 427 1)
(195 391 1)
(251 431 1)
(195 275 1)
(205 177 1)
(303 231 1)
(303 67 1)
(374 319 1)
(38 373 1)
(43 293 1)
(257 319 1)
(508 484 1)
(105 130 1)
(374 435 1)
(374 182 1)
(257 213 1)
(105 357 1)
(459 442 1)
(459 328 1)
(302 91 1)
(113 429 1)
(43 90 1)
(38 380 1)
(205 3 1)
(43 354 1)
(374 258 1)
(450 288 1)
(450 89 1)
(257 285 1)
(257 18 1)
(384 443 1)
(384 249 1)
(373 460 1)
(373 54 1)
(115 380 1)
(460 336 1)
(206 246 1)
(384 327 1)
(508 220 1)
(206 451 1)
(206 486 1)
(450 385 1)
(250 204 1)
(384 333 1)
(373 239 1)
(461 241 1)
(43 468 1)
(105 360 1)
(258 100 1)
(195 185 1)
(43 121 1)
(194 234 1)
(194 449 1)
(373 282 1)
(461 441 1)
(384 440 1)
(104 289 1)
(373 152 1)
(507 147 1)
(104 392 1)
(311 500 1)
(104 97 1)
(104 423 1)
(250 498 1)
(385 44 1)
(3 229 1)
(43 61 1)
(116 359 1)
(449 63 1)
(386 403 1)
(250 62 1)
(507 242 1)
(206 125 1)
(116 212 1)
(372 482 1)
(193 90 1)
(250 315 1)
(372 301 1)
(372 6 1)
(104 52 1)
(250 477 1)
(301 290 1)
(507 146 1)
(43 48 1)
(372 222 1)
(506 358 1)
(193 261 1)
(37 213 1)
(461 400 1)
(505 344 1)
(206 479 1)
(193 499 1)
(386 88 1)
(4 430 1)
(448 214 1)
(117 71 1)
(117 365 1)
(193 69 1)
(259 153 1)
(44 71 1)
(371 405 1)
(371 340 1)
(504 199 1)
(448 506 1)
(37 26 1)
(462 174 1)
(259 411 1)
(44 219 1)
(249 298 1)
(193 367 1)
(447 291 1)
(4 233 1)
(300 22 1)
(312 337 1)
(447 306 1)
(386 302 1)
(37 353 1)
(207 386 1)
(192 295 1)
(37 274 1)
(387 21 1)
(192 402 1)
(387 76 1)
(447 142 1)
(503 49 1)
(371 191 1)
(503 278 1)
(300 226 1)
(5 45 1)
(44 27 1)
(462 111 1)
(259 163 1)
(249 53 1)
(44 7 1)
(207 181 1)
(503 398 1)
(447 162 1)
(192 296 1)
(463 92 1)
(261 445 1)
(370 396 1)
(446 273 1)
(45 467 1)
(118 75 1)
(387 413 1)
(118 133 1)
(446 332 1)
(313 181 1)
(300 271 1)
(119 398 1)
(190 323 1)
(102 93 1)
(102 494 1)
(387 224 1)
(188 84 1)
(464 288 1)
(36 157 1)
(46 71 1)
(5 184 1)
(5 399 1)
(388 408 1)
(247 209 1)
(102 13 1)
(188 256 1)
(299 31 1)
(188 114 1)
(464 496 1)
(444 511 1)
(444 329 1)
(299 86 1)
(119 316 1)
(208 355 1)
(6 217 1)
(314 171 1)
(246 260 1)
(120 330 1)
(187 102 1)
(35 170 1)
(6 416 1)
(368 385 1)
(120 122 1)
(443 228 1)
(99 265 1)
(187 10 1)
(368 485 1)
(368 483 1)
(443 363 1)
(35 356 1)
(99 94 1)
(245 284 1)
(316 20 1)
(245 376 1)
(263 415 1)
(123 350 1)
(47 179 1)
(98 493 1)
(6 361 1)
(441 172 1)
(6 237 1)
(391 351 1)
(467 243 1)
(467 131 1)
(297 279 1)
(297 102 1)
(317 64 1)
(296 470 1)
(210 211 1)
(500 240 1)
(7 492 1)
(50 12 1)
(440 362 1)
(50 270 1)
(98 189 1)
(124 352 1)
(32 85 1)
(244 397 1)
(32 125 1)
(126 502 1)
(394 15 1)
(211 178 1)
(8 454 1)
(211 30 1)
(438 208 1)
(267 339 1)
(128 429 1)
(497 189 1)
(395 29 1)
(469 415 1)
(182 287 1)
(396 25 1)
(396 58 1)
(396 335 1)
(9 115 1)
(180 176 1)
(361 269 1)
(470 227 1)
(269 166 1)
(399 218 1)
(131 406 1)
(471 407 1)
(133 164 1)
(174 66 1)
(216 70 1)
(135 103 1)
(217 487 1)
(12 401 1)
(330 421 1)
(138 438 1)
(27 82 1)
(491 474 1)
(59 281 1)
(331 17 1)
(139 158 1)
(488 24 1)
(334 468 1)
(476 77 1)
(65 97 1)
(408 478 1)
(347 488 1)
(23 417 1)
511
