(88 45 1)
(74 124 1)
(62 98 1)
(8 10 1)
(76 104 1)
(62 17 1)
(115 78 1)
(127 69 1)
(76 20 1)
(27 68 1)
(25 73 1)
(115 39 1)
(25 74 1)
(77 37 1)
(25 14 1)
(115 121 1)
(126 28 1)
(61 120 1)
(95 46 1)
(93 69 1)
(126 56 1)
(50 45 1)
(95 45 1)
(47 62 1)
(93 108 1)
(78 21 1)
(24 3 1)
(0 123 1)
(73 89 1)
(29 105 1)
(78 98 1)
(29 84 1)
(96 13 1)
(78 123 1)
(125 96 1)
(24 115 1)
(117 78 1)
(114 12 1)
(0 82 1)
(117 108 1)
(7 122 1)
(50 90 1)
(23 11 1)
(60 40 1)
(65 110 1)
(30 109 1)
(125 123 1)
(7 45 1)
(92 86 1)
(113 22 1)
(46 37 1)
(92 124 1)
(124 29 1)
(6 27 1)
(51 123 1)
(113 12 1)
(46 83 1)
(22 102 1)
(33 61 1)
(6 51 1)
(80 83 1)
(81 67 1)
(2 79 1)
(81 11 1)
(22 122 1)
(6 85 1)
(81 72 1)
(44 67 1)
(81 115 1)
(82 20 1)
(33 108 1)
(34 35 1)
(6 35 1)
(6 95 1)
(52 109 1)
(43 33 1)
(53 17 1)
(34 65 1)
(121 25 1)
(35 106 1)
(5 108 1)
(89 26 1)
(110 97 1)
(15 70 1)
(15 37 1)
(102 107 1)
(42 68 1)
(109 53 1)
(55 51 1)
(58 27 1)
(88 111 1)
(87 28 1)
(41 70 1)
(41 75 1)
(84 100 1)
(103 9 1)
(122 48 1)
(41 60 1)
(68 71 1)
(108 19 1)
(16 57 1)
(16 77 1)
(16 28 1)
(40 32 1)
(56 119 1)
(86 2 1)
(4 30 2)
(56 103 2)
(41 63 2)
(108 36 2)
(19 18 2)
(16 54 2)
(16 10 2)
(41 116 2)
(38 18 2)
(15 99 2)
(59 92 2)
(66 116 2)
(91 125 2)
(73 31 2)
(23 101 2)
(118 66 2)
(65 49 2)
(64 78 2)
(94 82 2)
(62 112 2)
(1 65 3)
149
