(42 0 1)
(55 47 1)
(10 28 1)
(30 41 1)
(7 44 1)
(53 30 1)
(53 40 1)
(49 52 1)
(13 44 1)
(13 35 1)
(49 31 1)
(49 3 1)
(29 37 1)
(33 13 1)
(29 6 1)
(28 46 1)
(33 28 1)
(14 21 1)
(5 4 1)
(33 17 1)
(34 45 1)
(35 32 1)
(62 61 1)
(58 41 1)
(14 51 1)
(47 38 1)
(47 4 1)
(35 0 1)
(35 15 1)
(15 27 1)
(59 37 1)
(4 21 1)
(15 24 1)
(25 55 1)
(59 30 1)
(45 38 1)
(25 37 1)
(1 18 1)
(3 15 1)
(44 58 1)
(57 56 1)
(60 45 1)
(42 56 1)
(8 30 2)
(39 33 2)
(39 9 2)
(23 44 2)
(42 19 2)
(21 63 2)
(20 15 2)
(38 26 2)
(30 11 2)
(1 22 2)
(18 23 2)
(30 61 2)
(30 54 2)
(16 45 2)
(25 2 2)
(12 8 2)
(36 12 2)
(1 43 2)
(48 55 2)
(50 19 4)
85
