0 122 12
0 63 6
0 83 15
0 55 15
0 113 15
0 47 8
0 11 14
0 70 15
0 57 18
0 48 3
0 65 12
0 103 9
0 53 4
0 21 10
0 20 6
0 23 10
0 101 16
0 89 10
0 24 5
0 29 13
0 125 15
0 84 18
0 67 6
0 52 9
0 71 20
0 127 16
0 45 5
0 123 1
0 50 17
0 73 9
0 41 17
0 2 11
0 75 5
0 126 8
0 117 18
0 43 13
0 14 12
0 42 3
0 82 1
0 86 2
0 99 15
0 5 7
0 54 6
0 62 12
0 114 19
0 98 20
1 35 7
1 16 9
1 125 13
1 22 4
1 57 20
1 65 3
1 123 9
1 11 5
1 7 20
1 88 5
1 58 13
2 93 7
2 109 11
2 38 15
2 36 7
2 122 19
2 45 3
2 106 11
2 79 1
2 77 5
2 52 9
2 73 13
2 51 16
2 19 4
2 32 11
2 58 9
2 21 3
2 61 19
2 62 4
2 123 18
2 102 2
2 40 2
2 60 12
2 23 10
2 103 18
2 12 13
2 114 10
2 11 4
2 111 14
2 55 4
3 71 12
3 30 5
3 0 15
3 33 1
3 85 3
3 8 16
3 18 10
3 68 1
3 76 19
3 103 9
3 28 11
3 93 7
3 25 8
3 117 11
3 1 10
3 58 19
3 51 13
3 66 20
3 38 7
3 60 4
3 78 9
3 75 6
3 43 12
3 45 9
3 37 19
3 70 19
3 124 10
3 108 1
3 82 11
3 59 4
3 41 20
4 54 17
4 72 18
4 114 6
4 51 15
4 5 12
4 57 4
4 125 19
4 58 8
4 117 4
4 121 15
4 83 19
4 107 19
4 30 2
4 31 16
4 80 5
4 95 7
4 102 10
4 85 5
4 41 12
4 62 3
4 123 12
4 84 7
4 12 8
4 78 3
4 97 17
4 13 19
4 20 17
4 10 3
4 101 20
4 42 8
4 53 11
4 75 3
4 73 15
4 3 3
4 22 5
4 47 13
4 91 20
4 18 8
4 21 10
4 1 8
4 26 17
4 15 6
4 110 3
4 127 14
4 64 5
4 7 3
5 45 17
5 61 17
5 16 15
5 126 16
5 51 9
5 106 13
5 47 15
5 37 5
5 109 17
5 88 3
5 72 2
5 124 17
5 66 5
5 9 6
5 52 1
5 92 1
5 7 1
5 34 4
5 57 7
5 64 9
5 50 6
5 26 17
5 13 12
5 3 14
5 44 10
5 31 8
5 14 6
5 21 6
5 90 7
5 63 13
5 35 15
5 74 19
5 30 20
5 119 16
5 125 4
5 83 3
5 122 3
5 78 8
5 121 8
5 54 9
5 53 17
5 107 3
5 8 2
5 108 1
6 116 18
6 46 8
6 25 16
6 117 6
6 7 17
6 75 18
6 69 9
6 24 4
6 95 1
6 92 9
6 90 20
6 35 1
6 20 11
6 1 12
6 115 19
6 125 11
6 96 17
6 99 16
6 58 19
6 101 9
6 107 6
6 40 10
6 49 19
6 85 1
6 23 14
6 127 4
6 34 7
6 106 12
6 42 4
6 32 7
6 56 13
6 8 12
6 51 1
6 26 7
6 89 2
6 15 20
6 120 6
6 53 19
6 82 8
6 71 9
6 0 8
6 37 4
6 50 15
6 103 20
6 27 1
6 28 9
6 119 13
6 74 5
6 29 17
7 115 15
7 103 12
7 46 9
7 85 11
7 82 11
7 73 3
7 45 1
7 101 20
7 33 4
7 35 2
7 109 15
7 113 14
7 104 4
7 24 9
7 122 1
7 110 19
7 3 13
7 114 20
7 14 2
7 31 17
7 92 20
7 29 13
7 20 17
7 71 4
7 102 6
8 59 17
8 80 2
8 49 2
8 91 6
8 127 4
8 39 5
8 92 17
8 57 2
8 117 15
8 121 15
8 90 7
8 87 2
8 105 4
8 103 20
8 72 6
8 65 8
8 51 3
8 34 14
8 10 1
8 69 6
8 73 9
8 31 10
8 111 16
8 26 13
8 112 3
8 29 2
8 119 20
8 99 8
8 61 6
8 89 10
8 47 11
8 114 5
8 54 20
9 11 13
9 93 14
9 49 12
9 79 7
10 54 6
10 78 7
10 21 14
10 51 15
10 89 17
10 102 8
10 106 8
10 97 5
10 13 5
10 42 18
10 125 18
10 127 7
10 72 18
10 0 10
10 23 20
10 49 12
10 52 13
10 92 17
10 15 19
10 43 2
10 73 8
10 119 2
10 105 8
10 75 6
10 82 18
10 65 18
10 79 6
10 35 9
10 2 12
10 71 4
11 71 7
11 86 18
11 27 8
11 32 15
11 106 6
11 60 7
11 108 2
11 62 13
11 39 11
11 105 18
11 28 12
11 114 3
11 34 5
11 85 20
11 7 10
11 40 15
11 50 13
11 127 6
11 110 2
11 98 14
11 36 20
11 107 18
11 26 16
11 87 7
11 45 19
11 102 3
11 115 8
11 121 18
11 78 3
11 116 19
11 42 19
11 65 18
11 20 15
11 61 10
11 38 3
11 53 10
11 25 5
11 5 2
12 64 19
12 125 16
12 84 4
12 124 18
12 74 16
12 68 20
12 52 12
12 76 7
12 121 15
13 2 2
13 71 11
13 123 12
13 103 3
13 108 8
13 23 7
13 68 5
13 70 6
13 59 17
13 75 12
13 107 19
13 35 5
13 6 19
13 38 20
13 87 13
13 94 4
13 91 9
13 111 19
13 26 7
13 62 17
13 25 2
13 119 16
13 98 4
13 57 2
13 66 19
13 30 9
13 28 2
13 0 17
13 89 19
13 120 2
13 60 19
13 80 15
13 1 15
13 112 13
13 113 14
13 17 10
13 46 15
13 42 5
13 47 11
13 40 12
13 116 6
13 53 7
13 54 15
13 22 3
13 24 5
14 123 19
14 116 18
14 100 14
15 94 7
15 71 17
15 70 1
15 5 9
15 88 18
15 92 15
15 37 1
15 93 13
15 99 2
15 47 15
15 76 19
15 81 14
15 56 19
15 103 7
15 65 4
15 1 11
15 125 19
15 44 5
15 20 3
15 19 9
16 31 5
16 67 2
16 120 3
16 115 14
16 10 2
16 54 2
16 82 15
16 6 9
16 61 2
16 12 16
16 18 7
16 94 7
16 98 11
16 81 2
16 60 2
16 86 7
16 66 20
16 83 12
16 45 16
16 75 2
16 29 2
16 74 13
16 13 15
16 112 13
16 91 15
16 109 4
16 56 15
16 90 17
16 71 3
16 25 6
16 107 19
16 126 5
16 34 4
16 123 3
16 2 3
16 104 19
16 97 2
16 8 5
16 57 1
16 52 8
16 79 20
16 77 1
16 44 6
16 33 8
16 47 6
16 28 1
17 5 10
17 68 5
17 10 3
17 22 9
17 33 12
17 14 18
17 48 16
17 79 5
17 45 1
17 52 4
17 96 1
17 110 8
17 3 2
17 12 12
17 39 20
17 8 20
17 1 8
17 30 3
17 0 1
17 99 12
17 42 3
17 6 13
17 91 16
17 104 14
17 25 13
17 28 17
17 57 5
17 34 3
17 41 11
17 97 19
17 50 15
18 20 19
18 113 18
18 31 13
18 32 20
18 127 13
19 64 14
19 51 13
19 120 19
19 122 12
19 26 10
19 18 2
19 23 12
19 103 13
19 12 2
19 85 15
19 109 10
19 61 17
19 100 20
19 27 11
19 94 17
19 86 10
19 70 4
19 96 7
19 10 18
19 9 19
19 44 4
19 110 19
19 43 3
19 114 13
19 126 18
19 90 2
19 46 16
19 119 3
19 116 6
19 104 18
19 7 8
19 112 15
19 31 17
20 100 7
20 47 3
20 43 17
20 89 1
20 55 14
20 73 16
20 37 17
20 122 6
20 101 10
20 113 16
20 67 17
20 116 10
20 24 9
20 109 10
20 38 18
20 97 19
20 16 13
20 30 14
20 26 17
20 127 3
20 3 11
20 17 18
20 115 2
20 117 2
20 39 17
20 81 14
20 14 5
20 121 15
20 68 15
20 84 20
20 104 17
20 93 6
20 31 16
20 94 10
20 123 8
20 87 4
20 85 3
20 96 10
20 91 5
20 35 12
20 34 5
20 90 19
20 44 11
20 86 16
20 33 20
20 23 11
20 12 10
20 61 9
21 44 9
22 24 6
22 89 19
22 28 16
22 3 18
22 93 10
22 23 14
22 73 13
22 11 7
22 12 9
22 57 12
22 121 5
22 43 6
22 87 17
22 77 5
22 36 12
22 62 7
22 112 12
22 42 19
22 14 18
22 110 11
22 122 1
22 85 6
22 21 5
22 76 17
22 117 2
22 49 6
22 16 9
22 98 5
22 9 3
22 18 10
22 102 1
22 72 11
22 31 2
22 48 16
22 41 6
22 127 14
22 101 12
22 5 13
22 84 20
22 10 3
23 57 6
23 101 2
23 32 5
23 35 10
23 68 7
23 14 17
23 121 8
23 122 4
23 67 20
23 106 7
23 114 16
23 116 4
23 66 14
23 26 8
23 75 12
23 15 15
23 11 1
23 8 9
23 69 18
23 126 14
23 89 19
23 64 7
23 87 6
23 78 18
23 55 12
23 56 11
23 40 15
24 46 5
24 115 1
24 73 7
24 65 12
24 4 12
24 52 6
24 97 5
24 104 11
24 55 2
24 93 12
24 80 19
24 61 12
24 3 1
24 84 18
24 17 8
24 112 5
24 43 13
24 72 5
24 100 5
24 28 19
24 82 14
24 95 11
24 10 20
24 25 14
24 21 17
24 41 12
24 67 20
24 103 20
24 30 14
24 23 10
25 52 11
25 46 19
25 84 6
25 76 3
25 33 18
25 18 20
25 68 4
25 14 1
25 62 2
25 74 1
25 38 16
25 36 10
25 82 7
25 58 15
25 127 9
25 73 1
25 34 11
26 76 12
26 83 17
26 44 17
26 16 4
26 111 14
26 87 17
26 64 18
26 110 17
26 22 2
26 85 3
26 113 3
27 12 3
27 98 8
27 13 5
27 64 20
27 82 7
27 44 20
27 113 3
27 125 12
27 51 20
27 8 5
27 69 7
27 97 4
27 30 19
27 120 9
27 123 11
27 31 15
27 127 19
27 126 5
27 70 6
27 2 12
27 7 13
27 76 12
27 9 20
27 38 8
27 26 5
27 94 12
27 68 1
27 103 12
27 5 10
27 92 4
27 96 10
27 4 18
27 122 20
27 53 9
27 84 5
27 118 2
27 36 4
27 49 20
27 102 5
27 34 17
27 81 9
28 115 14
28 120 18
28 32 11
28 102 9
28 77 18
28 36 10
28 45 3
29 2 10
29 107 2
29 82 17
29 15 12
29 106 14
29 102 20
29 37 10
29 19 15
29 91 9
29 49 5
29 30 9
29 105 1
29 46 17
29 84 1
29 99 2
29 67 3
29 92 3
29 80 2
29 18 14
29 79 14
30 35 4
30 75 14
30 113 14
30 80 9
30 18 16
30 37 15
30 52 8
30 109 1
30 46 10
30 51 18
30 122 9
30 40 3
30 23 20
30 103 16
30 9 12
30 84 14
30 108 9
30 95 17
30 16 15
30 114 4
30 49 8
30 107 20
30 22 16
30 119 2
31 118 10
31 93 3
31 123 5
31 82 6
31 49 8
31 26 16
31 122 5
31 79 9
32 57 17
32 66 7
32 7 10
33 126 7
33 54 12
33 21 12
33 92 10
33 51 14
33 61 1
33 113 10
33 103 10
33 37 5
33 44 20
33 75 12
33 29 2
33 68 9
33 13 9
33 119 10
33 95 14
33 30 8
33 22 3
33 56 7
33 23 7
33 62 17
33 45 5
33 76 9
33 6 19
33 48 9
33 53 19
33 67 10
33 50 17
33 114 15
33 88 5
33 100 11
33 28 4
33 69 13
33 41 9
33 15 9
33 49 10
33 120 3
33 118 19
33 105 2
33 32 2
33 104 4
33 108 1
33 5 11
33 36 10
33 60 10
33 99 16
33 121 5
33 102 8
34 35 1
34 51 11
34 101 18
34 85 13
34 102 2
34 90 5
34 65 1
34 57 7
34 39 14
34 13 11
34 79 4
34 64 10
34 47 5
34 4 14
34 62 5
34 43 19
34 14 13
34 26 3
34 94 14
34 32 17
34 77 16
34 113 13
34 19 4
34 126 8
34 1 15
34 110 16
34 30 15
34 105 11
34 95 7
34 33 13
34 31 6
34 97 14
34 91 3
35 61 11
35 56 8
35 38 14
35 72 13
35 106 1
35 103 5
35 17 7
35 52 8
35 81 7
35 80 3
35 12 20
36 71 7
36 38 16
37 117 2
37 75 11
38 33 18
38 50 17
38 65 4
38 101 9
38 1 18
38 62 18
38 111 15
38 56 5
38 76 15
38 52 11
38 93 3
38 110 16
38 102 14
38 9 15
38 55 17
38 28 4
38 16 10
38 90 5
38 94 10
38 71 6
38 30 9
38 48 18
38 84 5
38 114 6
38 63 4
38 112 15
38 53 13
38 46 13
38 95 19
38 126 20
38 18 2
38 125 16
38 59 6
38 105 15
38 99 3
39 123 3
39 120 20
39 6 8
39 75 7
39 65 8
39 100 18
39 53 17
39 29 13
39 107 9
39 70 6
39 111 6
39 91 15
39 24 12
39 2 15
39 19 15
39 69 12
39 101 4
39 58 16
39 22 10
39 117 19
39 118 12
39 44 8
39 55 9
39 14 17
39 23 5
39 32 16
39 79 7
39 51 5
39 15 9
39 31 17
39 38 12
39 102 19
39 4 17
39 67 7
39 9 15
39 10 12
39 62 17
39 85 6
39 80 9
39 43 10
39 125 8
39 93 20
40 69 3
40 55 3
40 77 15
40 52 16
40 8 20
40 12 2
40 127 11
40 47 19
40 0 13
40 22 2
40 32 1
40 56 5
40 35 9
40 25 13
40 97 2
40 51 18
40 98 20
40 50 11
40 121 13
40 123 18
40 107 5
40 66 12
40 34 18
40 89 6
40 4 12
40 3 12
40 71 20
40 105 12
40 64 6
40 83 8
40 21 3
40 42 2
40 53 6
40 126 8
40 73 9
40 119 19
40 110 8
41 2 20
41 28 11
41 69 18
41 63 2
41 96 19
41 72 1
41 108 13
41 100 5
41 20 4
41 37 5
41 60 1
41 94 19
41 65 14
41 30 12
41 79 12
41 47 11
41 67 5
41 21 18
41 75 1
41 59 7
41 46 11
41 57 16
41 13 7
41 70 1
41 89 10
41 99 20
41 49 8
41 116 2
41 119 3
41 32 9
42 74 8
42 36 15
42 111 5
42 68 1
42 71 11
42 72 10
42 51 12
42 43 20
42 90 11
42 32 17
42 94 3
42 33 3
42 118 16
42 52 2
42 123 8
42 67 15
42 69 9
42 112 10
42 126 2
42 48 12
42 115 7
42 107 4
42 28 12
42 7 4
42 21 12
42 77 8
42 101 17
42 53 9
42 60 12
42 97 11
42 56 6
42 76 16
42 87 6
42 106 10
42 23 6
42 44 19
42 19 13
42 18 12
42 9 6
42 95 10
42 98 9
42 119 3
42 75 11
42 80 17
43 54 17
43 72 11
43 127 16
43 73 15
43 30 5
43 2 19
43 4 20
43 45 15
43 29 9
43 5 12
43 57 18
43 118 5
43 32 8
43 97 18
43 33 1
43 13 14
43 81 3
43 65 18
43 76 13
43 112 7
43 51 14
43 25 17
44 52 19
44 67 1
44 98 16
44 102 11
44 51 6
44 118 7
44 10 6
44 71 5
44 79 3
44 59 15
44 120 18
44 9 20
44 80 8
44 8 9
44 55 6
44 114 20
44 43 3
44 63 14
44 64 16
44 46 4
44 95 10
44 29 18
44 92 8
44 31 16
44 30 16
44 77 18
44 110 7
44 91 16
44 100 20
44 56 13
44 68 3
44 78 4
44 106 16
44 125 15
44 109 12
44 40 8
44 127 17
44 45 18
44 1 18
44 101 17
45 56 2
45 69 19
46 53 8
46 60 9
46 57 20
46 83 1
46 23 18
46 90 11
46 97 4
46 21 19
46 68 16
46 127 9
46 39 4
46 87 8
46 104 5
46 79 8
46 85 14
46 61 4
46 37 1
46 89 2
46 1 15
46 69 11
46 107 8
46 65 3
46 3 5
46 54 11
46 82 2
46 121 19
46 2 16
46 55 18
46 71 15
46 12 19
46 27 3
46 78 14
46 120 18
46 93 5
47 46 15
47 60 3
47 14 13
47 6 18
47 67 12
47 98 11
47 50 17
47 79 10
47 73 2
47 99 17
47 123 12
47 17 19
47 10 12
47 69 16
47 32 3
47 82 5
47 76 7
47 119 12
47 7 15
47 54 15
47 51 14
47 83 18
47 19 12
47 121 12
47 28 19
47 62 1
47 97 16
47 63 7
47 64 17
47 65 14
47 38 6
47 113 15
47 81 9
47 103 2
47 33 17
47 39 18
47 24 10
47 74 6
47 100 15
48 117 5
48 77 10
48 123 19
49 3 16
49 21 12
49 54 13
49 104 17
49 32 18
49 46 20
49 63 2
49 61 7
49 59 13
49 72 12
49 88 9
49 100 14
49 69 16
49 40 2
49 89 20
49 96 11
49 1 8
49 92 14
49 77 19
49 106 13
49 52 9
49 76 19
49 105 16
50 123 4
50 75 10
50 19 8
50 22 15
50 12 18
50 53 8
50 109 13
50 69 9
50 113 12
50 106 2
50 24 18
50 84 9
50 110 12
50 45 1
50 62 7
50 92 15
50 111 10
50 99 17
50 107 2
50 114 3
50 93 8
50 112 13
50 35 4
50 46 11
50 89 9
50 90 1
50 34 17
50 76 10
50 102 5
50 10 9
50 65 5
50 57 2
51 46 17
51 91 9
51 16 3
51 62 8
51 72 7
51 89 18
51 38 10
51 96 4
51 125 14
51 123 1
51 105 6
51 29 7
51 94 5
51 127 6
51 37 4
51 109 13
51 32 9
51 69 2
51 45 17
51 66 13
51 36 2
51 52 11
51 111 9
51 102 8
51 99 2
51 17 13
51 71 20
51 124 6
51 114 19
51 56 5
51 112 8
51 97 15
51 53 13
51 117 8
52 64 13
52 87 13
52 20 15
52 36 4
52 34 17
52 19 15
52 3 17
52 99 5
52 71 12
52 127 7
52 15 2
52 66 15
52 101 3
52 31 4
52 46 7
52 65 15
52 121 4
52 59 18
52 91 4
52 106 20
52 41 16
52 26 2
52 43 15
52 80 2
52 108 8
52 118 11
52 110 8
52 76 7
52 109 1
52 21 5
52 83 11
52 95 13
52 82 17
53 17 1
53 91 15
53 99 15
53 22 1
53 100 14
53 10 6
53 101 7
53 83 3
53 34 16
53 106 18
53 24 8
53 68 7
53 93 7
53 28 19
53 67 18
53 107 17
53 20 12
53 9 4
53 65 15
53 97 7
53 85 5
54 85 18
54 34 6
54 75 8
54 28 2
54 115 9
54 113 18
54 93 16
54 86 8
54 20 6
54 96 13
54 31 19
54 63 10
54 105 19
54 80 19
54 111 7
55 18 13
55 69 20
55 57 13
55 32 18
55 22 10
55 21 5
55 34 14
55 111 2
55 51 1
55 62 10
55 104 6
55 105 14
55 96 14
55 124 6
55 94 4
55 15 11
55 17 3
55 101 17
55 119 8
55 31 7
55 86 16
55 6 8
55 87 5
55 52 19
55 5 4
55 63 2
55 115 8
55 122 11
55 91 3
55 98 15
55 60 5
55 9 9
55 50 4
55 12 17
55 109 20
55 90 6
55 79 10
55 76 15
55 75 15
55 93 10
55 102 11
55 10 5
56 101 4
56 121 12
56 62 14
56 97 10
56 22 15
56 31 5
56 94 7
56 92 5
56 69 17
56 114 6
56 89 20
56 122 8
56 103 2
56 124 14
56 29 9
56 7 2
56 59 10
56 14 2
56 96 16
56 50 12
56 88 18
56 34 6
56 46 20
56 26 19
56 118 9
56 85 13
56 102 19
56 119 1
56 20 13
56 84 15
56 9 7
56 4 2
56 75 20
56 77 2
56 82 14
56 93 4
56 55 9
56 65 6
56 79 10
56 115 14
57 7 14
57 76 20
57 121 13
57 29 18
57 112 15
57 24 15
57 49 19
57 77 7
57 27 10
57 69 16
57 40 2
57 14 15
57 110 15
57 125 19
57 51 3
57 91 4
57 81 6
57 104 9
57 99 10
57 92 6
57 118 13
57 82 9
57 88 8
57 105 2
57 78 2
57 15 4
58 78 2
58 97 2
58 69 7
58 53 11
58 55 13
58 67 4
58 126 19
58 42 9
58 77 14
58 70 18
58 10 20
58 37 12
58 27 1
58 16 19
58 34 19
58 116 18
58 113 7
58 92 4
58 60 4
58 50 5
58 115 6
58 91 18
58 57 19
58 119 10
58 98 5
58 71 17
58 7 18
58 99 18
58 29 4
58 64 17
58 88 10
58 66 18
58 90 13
58 80 9
59 112 20
59 80 11
59 32 16
59 114 8
59 121 18
59 37 20
59 92 2
59 55 13
59 111 5
59 45 16
59 66 7
59 104 19
59 77 15
59 7 7
59 119 16
59 85 2
59 28 9
59 26 8
59 31 9
59 116 13
59 58 17
59 61 17
60 80 7
60 1 20
60 82 7
60 37 18
60 15 10
60 21 12
60 51 14
60 73 9
60 45 17
60 14 2
60 92 9
60 100 3
60 12 12
60 74 20
60 50 5
60 39 2
60 78 8
60 7 3
60 88 6
60 22 8
60 36 11
60 76 15
60 65 20
60 77 7
60 120 20
60 40 1
60 87 5
60 28 19
60 26 18
60 57 6
60 18 3
60 125 17
60 0 15
60 95 5
60 53 11
60 71 14
61 119 15
61 75 18
61 110 9
61 40 12
61 90 12
61 77 7
61 31 10
61 98 9
61 118 4
61 17 16
61 124 15
61 116 8
61 73 4
61 71 16
61 62 13
61 127 15
61 27 11
61 0 12
61 23 16
61 121 8
61 93 18
61 25 6
61 26 2
61 120 1
61 10 14
61 15 5
61 7 10
61 109 8
61 88 7
61 13 15
61 69 6
61 65 12
61 6 10
61 123 11
61 74 19
61 101 11
61 108 16
61 86 7
61 103 13
62 67 10
62 17 1
62 98 1
62 121 11
62 88 6
62 127 17
62 63 19
62 112 2
62 52 6
62 105 7
63 106 11
63 115 12
63 37 17
63 6 12
63 15 13
63 84 3
63 98 16
63 65 20
63 103 5
63 88 14
63 95 3
63 89 7
63 112 18
63 126 20
63 2 3
63 64 14
63 46 12
63 67 9
63 72 8
63 34 12
63 87 4
63 127 4
63 94 6
64 122 8
64 55 15
64 73 12
64 62 11
64 28 4
64 121 8
64 78 2
64 116 19
64 69 5
65 103 4
65 49 2
65 64 5
65 106 12
65 88 17
65 86 4
65 82 7
65 26 8
65 18 6
65 36 10
65 110 1
65 31 10
65 6 18
65 114 6
65 77 4
66 91 9
66 72 17
66 49 9
66 25 2
66 68 9
66 9 17
66 36 9
66 109 4
66 30 19
66 90 6
66 17 13
66 26 16
66 11 15
66 110 11
66 73 13
66 102 11
66 22 20
66 86 20
66 31 15
66 47 7
66 124 8
66 116 2
66 106 20
66 35 11
66 34 6
66 54 15
66 100 20
66 95 18
66 80 3
67 45 3
67 59 3
67 66 6
67 34 11
67 123 5
67 116 2
67 4 19
67 54 12
67 94 7
67 74 1
67 99 7
67 61 13
67 52 6
67 5 5
67 113 4
68 121 12
68 41 10
68 10 4
68 59 11
68 58 6
68 112 17
68 122 14
68 55 19
68 109 3
68 115 2
68 92 11
68 14 7
68 99 6
68 7 1
68 77 9
68 71 1
68 40 9
68 4 12
68 57 11
68 120 18
68 98 18
68 93 1
68 113 11
68 125 17
68 97 20
68 63 18
68 29 10
68 21 10
68 94 12
68 45 16
68 72 17
68 114 10
69 9 11
69 104 6
69 99 10
69 18 12
69 86 18
69 73 16
69 82 10
69 100 15
69 63 10
69 68 16
69 75 12
69 15 8
69 118 17
69 4 18
69 62 11
69 19 14
69 117 16
69 105 1
69 108 2
69 124 13
69 121 20
69 53 20
69 0 13
69 36 13
69 123 2
69 70 4
69 26 8
69 106 2
69 16 9
69 59 17
69 90 3
70 9 8
70 86 9
70 121 19
70 87 10
70 109 8
70 127 20
70 72 9
70 114 10
70 38 19
70 4 14
70 2 15
70 57 13
70 18 16
70 60 7
70 111 3
70 11 19
70 119 9
70 102 8
70 71 4
70 6 13
70 5 1
70 46 2
70 81 5
70 25 8
70 75 15
70 52 16
70 30 3
70 104 7
70 92 20
70 99 18
70 10 16
70 12 20
70 68 19
70 8 12
70 31 6
70 105 12
70 66 11
70 28 9
70 34 1
70 123 16
70 115 15
70 94 4
71 109 14
71 41 2
71 114 19
71 105 14
71 88 8
71 87 17
71 59 10
71 22 4
71 35 10
71 116 10
72 108 12
72 106 18
72 89 2
72 54 11
72 37 10
72 96 16
72 19 3
72 98 10
72 93 8
72 117 7
72 1 4
72 100 13
72 112 16
72 2 19
72 46 7
72 127 7
72 52 13
72 17 1
72 47 6
72 79 12
72 64 10
72 40 14
72 7 3
72 30 8
72 11 11
72 50 9
72 26 17
72 55 7
72 69 2
72 91 9
72 92 17
72 101 8
72 58 14
72 103 7
72 85 18
72 86 15
72 109 2
72 29 18
73 31 2
73 79 20
73 127 20
73 118 7
73 100 19
73 32 17
73 109 12
73 115 7
73 39 15
73 35 3
73 107 7
73 65 15
73 114 2
73 113 15
73 86 11
73 91 2
73 44 14
73 77 13
73 15 2
73 81 19
73 116 18
73 80 6
73 9 5
73 29 15
73 50 15
73 97 8
73 103 16
73 28 2
73 87 16
73 45 13
73 68 17
73 55 15
73 30 17
73 89 1
73 126 16
74 46 12
74 101 15
74 80 9
74 45 3
74 95 20
74 92 13
74 50 16
74 18 4
74 121 20
74 64 7
74 66 6
74 105 20
74 49 10
74 117 5
74 118 14
74 53 15
74 126 20
74 122 18
74 71 10
74 48 3
74 97 5
74 2 6
74 124 1
74 34 19
74 28 9
75 123 7
75 87 8
75 57 12
75 96 16
75 67 12
75 26 14
75 124 18
75 86 9
75 29 14
75 120 4
75 115 14
75 97 6
75 117 20
75 109 14
75 15 19
75 89 11
75 27 19
75 59 19
75 51 7
75 118 19
75 20 15
75 49 2
75 66 12
75 91 20
75 125 10
75 47 3
75 126 15
75 93 13
76 121 18
76 104 1
76 20 1
77 0 14
77 37 1
77 115 6
77 72 3
78 67 15
78 126 7
78 121 13
78 77 18
78 106 7
78 74 7
78 97 15
78 108 12
78 21 1
78 72 14
78 110 19
78 70 2
78 124 3
78 49 19
78 98 1
78 27 11
78 120 17
78 61 18
78 93 4
78 0 13
78 53 16
78 59 17
78 123 1
78 50 3
78 96 5
78 39 10
78 87 5
78 81 6
78 31 15
78 68 7
78 22 13
78 33 7
78 127 12
78 62 11
78 79 5
78 99 4
78 16 16
78 12 12
78 63 15
78 7 17
79 88 16
79 121 17
80 96 11
80 68 17
80 84 20
80 78 2
80 25 14
80 107 18
80 121 2
80 40 8
80 6 8
80 77 6
80 47 11
80 122 19
80 21 12
80 126 9
80 9 10
80 46 10
80 2 17
80 14 6
80 106 10
80 94 11
80 36 19
80 112 4
80 83 1
80 16 10
80 88 9
80 33 14
80 34 17
80 15 7
80 91 9
80 118 5
80 5 14
80 17 14
80 82 17
80 76 14
80 81 12
81 46 14
81 62 10
81 18 20
81 74 3
81 67 1
81 2 16
81 34 10
81 66 17
81 119 10
81 11 1
81 65 6
81 50 3
81 88 20
81 83 15
81 72 1
81 85 8
81 64 8
81 61 15
81 99 2
81 13 2
81 31 16
81 96 16
81 7 7
81 97 6
81 21 14
81 42 5
81 106 11
81 26 16
81 14 15
81 68 14
81 86 14
81 56 18
81 100 16
81 51 14
81 1 17
81 116 20
81 115 1
81 121 17
81 82 9
82 20 1
82 96 2
82 21 5
82 122 9
82 119 14
82 8 18
82 33 3
82 103 9
82 86 8
82 40 6
82 90 18
82 42 16
82 36 18
82 112 3
82 63 15
82 102 9
82 111 11
82 114 19
82 67 10
82 15 13
82 77 15
82 2 17
82 54 12
82 4 9
82 64 7
82 43 18
82 28 19
82 100 18
83 93 8
83 71 11
83 115 5
83 37 15
83 58 13
83 17 17
83 12 19
83 88 9
83 113 10
83 28 14
83 127 3
83 31 3
83 41 14
83 97 19
83 112 16
83 73 15
83 79 6
83 75 13
83 96 2
83 59 9
83 15 15
83 22 9
83 63 16
83 121 15
83 106 19
83 109 9
83 42 12
83 27 8
83 51 3
83 118 12
83 57 2
83 98 20
83 89 1
84 14 5
84 44 19
84 74 1
84 71 17
84 1 20
84 69 13
84 100 1
84 53 5
84 96 13
84 89 5
84 78 5
84 65 3
84 34 8
85 106 9
85 51 19
85 115 12
85 49 20
85 109 3
85 2 6
85 61 4
86 45 13
86 78 10
86 27 9
86 71 19
86 58 18
86 49 20
86 108 13
86 10 6
86 42 16
86 36 15
86 41 12
86 28 7
86 13 2
86 2 1
86 113 14
86 106 9
86 5 19
86 84 5
86 126 18
86 102 9
86 87 20
86 117 3
86 50 19
86 18 10
86 24 14
86 94 10
86 32 14
86 14 2
86 68 19
86 29 15
86 104 11
86 1 8
86 64 3
86 88 8
86 51 9
86 43 13
86 60 8
86 31 17
87 124 8
87 54 6
87 98 20
87 40 7
87 109 5
87 92 13
87 81 6
87 45 9
87 4 10
87 107 9
87 61 9
87 33 12
87 58 20
87 93 14
87 76 20
87 103 6
87 28 1
87 53 11
87 106 4
87 62 10
87 119 17
87 113 17
87 25 20
87 120 17
87 47 18
87 89 8
87 126 7
87 17 12
87 105 14
87 114 18
87 18 11
88 72 17
88 45 1
88 41 13
88 111 1
88 51 11
88 74 16
88 85 6
88 25 5
88 107 8
88 64 9
88 82 2
88 46 15
88 36 15
88 68 5
88 114 4
88 115 18
88 2 2
88 23 11
88 34 5
88 35 16
88 87 16
88 119 8
88 101 12
88 22 7
88 8 15
88 14 15
88 6 18
89 67 4
89 93 1
89 104 5
89 124 14
89 16 16
89 26 1
89 15 15
89 112 15
89 2 14
89 33 20
89 14 20
89 11 6
89 76 15
89 102 17
89 62 1
89 35 7
89 71 4
89 48 11
89 88 15
89 66 14
89 108 1
89 39 11
89 32 16
89 55 17
89 122 20
89 68 20
90 63 15
90 47 3
90 87 20
90 39 10
90 14 3
90 27 1
90 80 18
90 74 3
90 112 17
90 113 8
90 81 13
90 124 2
90 122 14
90 102 15
90 31 8
90 45 12
90 59 13
90 99 6
90 65 3
90 53 5
90 85 8
90 71 11
90 83 16
90 21 15
90 118 9
90 96 6
90 103 7
90 35 7
90 108 9
91 7 14
91 111 15
91 125 2
91 99 8
91 108 6
91 18 6
91 96 8
91 19 11
91 112 12
91 38 12
91 84 4
91 102 4
92 112 5
92 114 8
92 12 19
92 13 8
92 48 17
92 124 1
92 51 15
92 38 14
92 121 8
92 86 1
92 35 7
92 88 17
92 2 16
92 76 12
92 84 3
92 54 6
93 110 17
93 10 4
93 91 2
93 117 20
93 122 10
93 90 13
93 60 20
93 74 6
93 118 7
93 125 10
93 25 19
93 96 2
93 94 16
93 5 11
93 13 9
93 119 4
93 63 9
93 114 16
93 43 4
93 73 3
93 17 16
93 108 1
93 30 8
93 51 3
93 92 15
93 69 1
93 104 11
93 7 17
93 76 18
93 71 17
93 105 16
94 73 5
94 47 12
94 82 2
94 39 15
94 60 6
94 8 18
94 101 6
94 108 6
94 124 3
94 49 10
94 59 5
94 96 8
94 90 14
94 119 11
94 120 9
94 3 6
94 66 16
94 110 16
94 65 10
94 30 3
94 11 6
94 89 11
94 35 18
94 114 9
94 43 10
94 36 11
94 77 16
94 2 9
94 32 2
94 7 20
94 74 4
94 28 3
94 71 3
94 83 6
94 17 19
94 122 5
95 125 19
95 43 17
95 57 17
95 59 14
95 37 13
95 16 3
95 46 1
95 100 20
95 7 13
95 19 9
95 79 16
95 75 18
95 45 1
95 10 17
95 84 20
95 124 5
95 21 14
95 120 13
95 71 14
95 67 2
95 11 4
95 55 12
95 35 10
96 46 15
96 2 12
96 115 11
96 68 5
96 10 6
96 67 18
96 50 7
96 60 5
96 89 15
96 114 14
96 42 11
96 39 9
96 98 14
96 13 1
96 87 18
96 63 2
96 88 20
96 14 10
96 29 17
97 123 13
98 110 9
98 29 3
98 1 20
98 90 4
98 17 1
98 116 10
98 19 17
98 125 5
98 8 20
98 86 2
98 112 3
98 103 17
98 41 17
98 123 9
98 52 12
98 6 2
98 24 6
98 100 20
98 37 15
98 92 13
98 101 4
98 93 20
98 115 7
98 36 5
98 28 18
98 51 14
98 45 14
98 7 7
98 64 7
98 34 16
99 35 4
99 43 9
99 116 6
99 45 18
99 107 16
99 92 11
99 37 10
99 115 17
99 24 19
99 56 2
99 111 19
99 84 11
99 82 19
99 32 11
99 49 5
99 124 9
99 108 13
99 7 2
99 1 9
99 40 10
99 10 6
99 97 15
99 105 9
99 126 20
99 22 3
99 112 3
99 121 8
100 13 3
100 75 20
100 45 11
100 4 16
100 118 16
100 107 14
100 125 8
100 126 16
100 62 14
100 7 20
101 8 7
101 2 9
101 5 6
101 117 4
101 93 12
102 74 20
102 100 8
102 20 17
102 25 4
102 45 13
102 125 19
102 79 15
102 69 18
102 12 3
102 71 11
102 76 19
102 54 6
102 48 2
102 0 11
102 105 12
102 88 6
102 24 17
102 60 8
102 107 1
102 65 19
103 83 3
103 60 15
103 12 19
103 38 13
103 22 12
103 52 6
103 59 8
103 125 4
103 1 9
103 122 14
103 109 3
103 76 2
103 104 4
103 116 15
103 102 16
103 94 14
103 95 13
103 21 2
103 77 15
103 4 10
103 28 16
103 17 12
103 36 11
103 68 12
103 89 2
103 64 8
103 9 1
104 8 14
104 81 6
104 54 7
104 100 2
104 23 11
105 58 18
105 112 9
105 52 14
105 1 13
105 72 9
105 91 4
105 118 20
106 9 10
106 105 9
106 54 3
106 39 5
106 112 12
106 56 16
106 31 15
106 95 13
106 77 6
107 43 13
107 103 14
107 58 20
107 3 7
107 66 20
107 48 4
107 86 1
107 19 4
107 113 12
107 105 13
107 36 8
107 38 18
107 8 10
107 104 3
107 27 4
107 62 9
107 24 8
107 112 16
107 114 19
107 12 5
107 68 19
107 92 8
107 9 13
107 115 6
107 91 20
107 74 14
107 21 8
107 0 13
108 36 2
108 96 13
108 57 3
108 88 8
108 26 15
108 70 10
108 54 5
108 19 1
108 22 3
108 62 19
108 12 14
108 101 17
108 67 5
108 18 9
108 71 19
108 38 10
108 48 8
108 95 20
108 49 18
108 21 5
108 87 13
109 81 7
109 67 11
109 79 19
109 92 13
109 53 1
109 57 3
109 42 9
109 4 10
109 124 15
109 126 8
109 116 19
109 41 8
109 15 12
109 108 13
109 35 10
109 98 7
109 24 18
109 9 14
109 127 2
109 86 15
109 26 20
109 106 5
109 121 14
109 99 8
109 115 17
109 3 2
110 121 15
110 125 13
110 0 14
110 82 11
110 101 12
110 35 8
110 97 1
110 123 12
110 113 18
110 112 3
110 100 17
110 55 4
110 117 13
110 80 14
110 124 18
110 120 20
110 115 9
110 16 13
110 45 8
110 63 9
110 41 8
110 77 12
110 107 11
110 15 5
111 30 3
111 24 9
111 102 10
111 52 17
111 17 13
111 62 11
111 31 6
111 89 2
111 127 20
111 69 15
111 104 19
111 66 12
111 124 7
111 85 5
111 112 16
111 45 14
111 68 11
111 34 16
111 80 14
111 108 18
112 21 19
112 78 12
112 15 7
112 122 4
112 124 13
112 76 18
112 29 20
112 77 10
112 100 4
112 53 3
112 18 12
112 39 12
112 127 4
112 69 13
112 26 19
112 116 4
112 60 18
112 37 5
112 58 8
112 49 14
112 36 16
112 84 17
113 62 10
113 16 12
113 53 17
113 44 11
113 115 18
113 25 3
113 48 16
113 8 11
113 38 11
113 98 8
113 11 5
113 57 18
113 12 1
113 100 2
113 40 3
113 69 16
113 92 11
113 66 7
113 65 13
113 71 18
113 94 13
113 103 4
113 74 15
113 22 1
113 85 11
113 116 5
113 19 19
114 104 5
114 39 3
114 18 14
114 12 1
114 86 17
114 124 4
114 118 19
114 95 6
114 106 13
114 112 8
114 17 3
114 126 10
114 115 19
114 98 8
114 67 17
114 125 4
114 49 16
114 27 17
115 25 8
115 112 4
115 44 7
115 29 6
115 43 8
115 78 1
115 38 10
115 97 17
115 102 17
115 119 8
115 23 11
115 79 17
115 93 19
115 95 8
115 34 3
115 57 15
115 123 12
115 39 1
115 87 19
115 121 1
115 66 14
115 59 15
115 117 16
116 35 8
116 39 11
116 17 4
116 55 2
116 101 20
116 74 11
116 120 20
116 125 15
117 56 14
117 45 5
117 60 2
117 78 1
117 44 15
117 15 19
117 85 11
117 108 1
117 24 1
117 65 15
117 46 13
117 12 14
118 50 18
118 5 6
118 32 11
118 111 11
118 120 9
118 86 12
118 66 2
118 117 9
118 10 7
118 0 20
119 73 19
119 125 14
119 110 17
119 105 13
119 44 2
119 91 5
119 97 4
119 76 10
119 96 8
119 11 11
119 38 16
119 89 11
119 71 5
119 39 6
119 52 6
119 7 20
119 99 9
119 27 3
119 62 11
119 32 7
120 26 14
120 119 11
121 53 10
121 31 17
121 25 1
121 87 10
121 1 16
121 9 2
121 84 6
121 39 2
121 106 7
121 100 15
121 71 6
121 42 16
121 13 20
121 32 2
121 112 14
121 28 20
121 55 18
121 0 2
121 117 14
121 113 10
121 118 6
121 96 18
122 105 10
122 49 8
122 79 13
122 67 10
122 36 17
122 41 11
122 114 13
122 70 2
122 107 13
122 1 9
122 99 9
122 100 19
122 48 1
122 24 1
122 40 5
122 32 3
122 9 20
122 106 11
122 110 4
122 113 10
122 43 9
122 17 17
122 71 8
122 75 17
122 120 1
122 84 13
122 46 6
122 78 1
122 76 7
123 10 6
123 108 5
123 77 3
123 72 10
123 105 19
123 74 18
123 12 10
123 82 8
123 45 2
123 22 17
123 81 11
123 95 9
123 34 15
123 100 12
123 64 16
123 106 11
123 93 6
123 92 16
123 76 13
123 24 20
123 65 6
123 114 12
123 28 8
123 58 15
123 25 8
123 21 8
123 116 3
123 73 18
124 39 20
124 81 6
124 9 4
124 2 4
124 34 8
124 7 11
124 123 9
124 1 10
124 14 20
124 17 3
124 76 4
124 119 5
124 37 14
124 48 20
124 67 4
124 101 16
124 107 9
124 117 3
124 116 2
124 29 1
124 105 19
124 71 4
124 121 19
124 86 13
125 123 1
125 65 10
125 64 17
125 46 6
125 71 10
125 108 14
125 30 15
125 45 8
125 29 16
125 26 7
125 61 16
125 82 18
125 122 3
125 3 18
125 94 17
125 96 1
125 31 17
125 63 19
125 66 10
125 87 8
125 49 3
125 121 7
125 90 9
126 56 1
126 57 5
126 28 1
126 26 4
127 82 15
127 37 15
127 87 16
127 122 3
127 102 5
127 96 15
127 97 15
127 41 18
127 117 6
127 92 14
127 36 2
127 65 14
127 38 2
127 30 10
127 69 1
