0 58 12
0 63 6
0 19 15
0 55 15
0 49 15
0 47 8
0 11 14
0 6 15
0 57 18
0 48 3
0 1 12
0 39 9
0 53 4
0 21 10
0 20 6
0 23 10
0 37 16
0 25 10
0 24 5
0 29 13
0 61 15
1 61 4
1 37 13
1 24 8
1 35 8
1 43 2
1 20 20
1 50 17
1 9 9
1 41 17
1 2 11
1 11 5
1 21 15
1 62 8
1 53 18
1 59 20
1 48 3
1 3 15
1 18 1
1 22 2
2 35 15
2 5 7
2 23 12
2 54 6
2 62 12
2 50 19
2 53 11
2 15 11
2 46 9
2 4 18
2 24 15
2 19 18
2 31 14
2 14 8
2 36 4
2 48 4
3 48 3
3 44 7
3 29 7
3 45 11
3 38 15
3 36 7
3 2 15
3 18 10
3 10 3
3 15 1
3 13 5
3 52 9
3 9 13
3 51 16
3 19 4
3 32 11
3 58 9
3 21 3
3 61 19
3 62 4
3 59 18
4 21 1
4 35 12
4 61 20
4 45 17
4 12 3
4 11 4
4 19 20
5 55 4
5 35 8
5 59 3
5 20 5
5 50 14
5 0 2
5 8 16
5 18 10
5 4 1
5 12 19
5 39 9
5 28 11
5 29 7
5 25 8
5 21 6
5 1 10
5 58 19
5 51 13
6 38 7
6 60 4
6 14 9
6 11 6
7 45 9
7 25 12
7 37 19
7 6 19
7 60 10
7 44 1
7 21 19
7 10 20
7 19 2
7 39 12
7 54 17
7 8 18
8 17 16
8 38 2
8 15 19
8 57 4
8 61 19
8 58 8
8 53 4
8 6 12
8 10 16
8 22 15
8 30 2
8 31 16
8 16 5
8 42 19
8 45 20
8 21 5
8 41 12
9 50 8
9 11 4
9 20 7
9 12 8
9 14 3
9 33 17
9 13 19
9 52 11
9 38 10
9 59 7
9 42 8
9 53 11
9 46 6
9 10 13
9 22 5
9 47 13
9 27 20
9 18 8
9 19 7
9 21 10
9 43 6
9 57 7
10 13 18
10 46 3
10 63 14
10 18 15
10 0 5
10 14 11
10 20 8
10 51 2
10 52 10
10 28 1
10 58 11
10 44 15
10 56 12
11 37 5
11 45 17
11 24 3
11 8 2
11 60 17
11 2 5
11 49 17
11 40 9
11 36 8
11 34 4
11 57 7
11 50 6
11 26 17
12 13 12
12 28 4
12 44 10
12 31 8
12 14 6
12 21 6
12 26 7
12 63 13
12 35 15
12 10 19
12 30 20
12 55 16
12 61 4
12 42 16
12 6 11
12 2 15
12 47 10
12 43 7
12 54 9
12 53 17
12 8 2
12 56 16
13 29 19
13 47 10
13 63 14
13 45 12
13 56 8
13 41 2
13 8 17
13 23 8
13 44 1
13 32 3
13 55 16
13 35 1
13 20 11
13 52 10
13 51 19
13 61 11
13 16 8
13 43 11
13 42 2
14 43 6
14 40 10
14 49 19
14 21 1
14 23 14
14 63 4
14 34 7
14 42 12
14 32 7
14 56 13
14 8 12
14 51 1
14 26 7
14 20 5
15 13 12
15 59 16
15 42 16
15 56 6
15 26 6
15 34 11
15 55 10
15 7 9
15 0 8
15 37 4
15 50 15
15 43 16
15 39 20
15 27 1
15 28 1
15 52 16
15 63 3
15 24 1
15 29 17
15 51 15
15 46 9
15 21 11
16 58 18
16 14 14
16 36 6
16 39 14
16 15 12
16 45 2
16 46 18
16 40 4
16 24 9
16 12 7
16 42 6
16 3 13
16 50 20
16 61 4
17 31 17
17 28 20
17 29 13
17 20 17
17 7 4
17 38 6
17 37 4
17 48 9
17 49 2
17 27 6
17 63 4
17 39 5
18 53 15
18 57 15
18 26 7
18 23 2
18 41 4
18 39 20
18 8 6
18 27 4
18 34 14
18 49 10
18 28 16
18 31 10
18 47 16
18 40 5
18 46 10
18 33 12
19 39 6
19 33 18
19 25 10
19 47 11
20 50 5
20 54 20
20 3 8
20 4 10
20 29 2
20 11 16
20 34 12
20 42 10
20 51 15
20 25 17
20 38 8
20 15 2
20 24 18
20 52 19
20 61 18
20 63 7
20 8 18
21 10 4
21 63 2
22 49 17
22 16 5
22 56 12
22 62 12
22 41 6
22 51 16
22 21 13
22 43 8
22 25 19
22 29 10
22 15 6
22 35 9
22 2 12
22 7 4
23 7 7
23 22 18
23 27 8
23 32 15
23 42 6
23 60 7
23 44 2
23 62 13
23 39 11
23 41 18
23 28 12
24 14 19
24 32 2
24 19 16
24 37 13
24 40 15
24 50 13
24 63 6
24 46 2
24 62 11
24 36 20
24 43 18
24 41 19
24 7 12
24 6 2
24 45 19
24 38 3
24 51 8
25 29 15
25 58 9
25 26 7
25 62 14
25 37 1
25 2 2
25 53 19
25 54 14
25 13 6
25 48 6
25 21 9
25 6 18
25 11 13
25 15 17
25 57 11
25 55 1
25 39 13
25 12 7
25 50 15
25 49 8
25 59 12
26 39 3
26 44 8
26 23 7
26 4 5
26 6 6
27 20 16
27 35 16
27 14 12
27 52 11
27 62 7
27 39 8
27 8 3
27 55 12
27 56 4
27 54 11
27 26 7
27 32 10
27 21 12
27 34 4
27 57 2
27 11 7
27 30 15
27 0 17
27 25 17
27 48 18
27 10 19
27 60 19
28 16 15
28 1 15
28 48 13
28 49 14
28 41 7
28 42 5
28 47 11
28 40 12
28 2 9
28 53 7
28 54 15
28 22 3
28 24 5
28 11 8
28 3 12
28 46 1
28 9 4
28 36 14
29 30 7
29 7 17
29 6 1
29 44 17
29 28 15
29 37 1
29 12 16
29 47 15
29 38 18
29 56 19
29 39 7
29 1 4
29 26 2
29 14 7
30 19 9
30 56 4
30 24 12
30 5 5
30 62 8
30 17 7
30 54 2
30 18 15
30 6 9
30 61 2
30 47 7
30 50 15
30 10 11
30 41 1
30 22 7
30 2 20
30 45 16
30 11 2
31 29 2
31 10 13
31 13 15
31 48 13
31 27 15
31 45 4
31 56 15
31 26 17
31 7 3
31 25 6
32 58 7
32 56 4
32 34 4
32 19 8
32 6 3
32 38 16
32 40 19
32 33 2
32 8 5
32 16 6
32 12 13
33 3 20
33 13 1
33 44 6
33 34 18
33 15 8
33 47 6
33 28 1
33 5 10
33 4 5
33 10 3
33 22 9
33 31 19
33 17 1
34 45 1
35 32 1
35 46 8
35 3 2
35 11 4
35 31 9
35 19 10
35 30 3
35 0 1
35 7 15
35 6 13
35 40 14
35 25 13
35 15 1
36 40 11
36 22 14
36 50 6
36 18 18
36 62 13
36 20 19
36 49 18
36 31 13
36 32 20
36 63 13
36 0 14
36 51 13
36 56 19
36 58 12
36 26 10
36 61 12
36 39 13
36 12 2
36 21 15
36 45 10
36 60 17
37 27 11
37 30 17
37 22 10
37 6 4
37 32 7
37 10 18
37 2 10
37 44 4
37 39 15
37 54 8
38 50 13
38 62 18
38 26 2
38 46 16
38 55 3
38 51 17
38 5 5
38 43 20
38 48 15
38 61 20
38 31 17
38 57 5
39 47 3
39 43 17
39 20 12
39 33 2
39 40 11
39 9 2
39 3 17
39 52 10
39 24 9
39 45 10
39 38 18
40 30 13
40 60 7
41 26 17
41 63 3
41 3 11
41 17 18
41 51 2
41 53 2
41 39 17
41 14 5
41 57 15
41 4 15
41 20 20
41 40 17
41 29 6
41 31 16
41 59 8
42 19 2
42 50 5
42 5 20
42 4 8
42 11 7
42 38 7
42 44 11
42 22 16
42 33 20
42 62 17
42 49 10
42 56 1
42 36 8
42 0 1
42 52 13
42 57 6
43 3 18
43 29 10
43 23 14
43 40 16
43 26 9
43 4 10
43 57 5
43 52 18
43 56 8
44 36 12
44 62 7
44 48 12
44 14 18
44 46 11
44 58 1
44 21 6
44 8 9
44 4 18
44 49 6
44 57 9
45 40 11
45 9 3
45 18 10
45 38 1
45 25 19
45 43 5
45 41 6
45 23 15
45 63 14
45 37 12
45 5 13
46 20 20
46 34 14
46 13 10
46 25 17
46 4 7
46 14 17
46 19 18
46 47 2
47 31 20
47 63 3
47 50 15
47 52 4
47 2 14
47 26 8
47 11 12
47 15 15
47 4 1
47 20 2
47 37 20
47 62 14
47 38 1
47 23 6
47 14 18
48 11 12
48 56 11
48 40 15
48 22 2
48 35 19
48 24 4
48 60 14
48 46 18
48 47 13
48 52 6
48 33 5
48 55 2
48 29 12
48 16 19
48 61 12
49 3 1
49 20 18
49 31 1
49 43 13
49 8 5
49 52 1
49 46 10
49 21 18
49 2 15
50 19 4
50 46 16
50 35 15
50 21 20
50 52 11
51 1 17
51 2 6
51 53 19
51 47 17
51 23 19
51 62 2
51 0 19
52 36 10
52 18 7
52 58 15
52 63 9
52 56 19
52 22 11
52 12 12
52 19 17
52 44 17
52 16 4
53 26 12
53 40 1
53 5 11
53 16 15
53 21 3
53 49 3
53 54 7
53 3 10
53 32 5
53 30 1
54 49 3
54 61 12
54 51 20
54 8 5
54 5 7
54 33 4
54 34 9
54 16 8
54 38 11
54 31 15
54 63 19
54 62 5
54 6 6
54 43 20
54 52 10
54 35 18
55 26 5
55 7 11
55 47 1
55 32 15
56 5 10
56 62 9
56 51 17
56 49 7
56 4 18
56 2 19
57 56 1
57 36 7
57 63 14
57 19 7
57 34 17
57 5 2
57 28 3
57 51 14
57 37 9
57 4 6
57 29 9
57 33 6
57 2 10
58 18 17
58 11 19
58 38 20
58 37 10
58 19 15
58 27 9
58 49 5
58 30 9
58 41 1
59 46 17
59 28 4
59 53 4
59 22 5
59 42 9
59 21 15
59 61 20
59 37 1
59 35 4
59 11 14
59 49 14
59 30 1
59 40 3
59 43 10
60 52 8
60 45 1
60 46 10
60 51 18
60 58 9
60 14 12
60 47 18
60 39 16
60 9 12
60 57 5
60 31 17
60 16 15
60 50 4
60 49 8
60 43 20
60 22 16
60 55 2
60 8 7
61 29 3
61 18 6
61 49 8
61 26 16
61 58 5
61 60 3
61 2 2
61 50 12
61 51 7
61 14 15
61 43 18
62 28 10
62 61 1
62 49 10
62 39 10
62 37 5
63 11 12
63 29 2
63 4 9
63 55 10
63 31 14
63 30 8
63 22 3
63 56 7
63 23 7
63 62 17
63 48 18
