104
178
436
532
606
635
679
959
987
1094
1182
1246
1264
1379
1397
1410
1472
1474
1576
1625
1723
1741
1778
1858
1914
1934
2143
2174
2185
2267
2271
2290
2291
2291
2341
2377
2388
2433
2519
2561
2668
2711
2736
2760
2797
2818
2892
2994
3148
3351
3438
3453
3464
3480
3599
3787
3819
3860
3886
3972
4020
4179
4190
4208
4269
4275
4276
4331
4507
4687
4805
5107
5191
5202
5304
5311
5469
5530
5547
5708
5793
5905
6004
6127
6307
6310
6460
6501
6589
6617
6659
6664
6838
6868
6890
7029
7053
7087
7189
7390
7437
7452
7550
7557
7808
7824
7853
7862
7897
7951
7977
7980
7981
8000
8006
8062
8162
8201
8385
8422
8453
8482
8527
8667
8719
8871
8914
8990
9021
9031
9035
9133
9135
9184
9353
9449
9475
9513
9591
9692
9806
9812
9847
9919
9958
10023
10172
10387
10465
10504
10605
10649
10817
10892
10895
10969
11122
11249
11268
11478
11551
11587
11601
11640
11647
11824
11872
12078
12080
12085
12100
12101
12117
12169
12193
12242
12358
12434
12487
12541
12545
12696
12721
12724
12727
12869
12876
12926
13134
13295
13473
13528
13541
13559
13580
13619
13686
13751
13793
13891
13902
13929
14062
14134
14248
14349
14356
14558
14574
14598
14725
14754
14779
14863
15104
15173
15181
15197
15249
15284
15382
15407
15454
15504
15564
15700
15729
15781
15867
16052
16106
16131
16217
16254
16462
16601
16764
16788
16819
16962
16970
16970
16970
16985
17042
17160
17235
17257
17404
17440
17449
17510
17535
17622
17641
17722
17830
17832
17839
17958
18015
18030
18031
18075
18130
18134
18145
18303
18332
18336
18390
18397
18549
18580
18752
18759
18809
18968
19003
19201
19256
19482
19514
19589
19602
19640
19643
19736
19892
19916
19996
19996
20003
20006
20074
20246
20276
20372
20453
20541
20553
20599
20662
20743
20814
20821
20852
21197
21213
21273
21281
21410
21421
21635
21660
21708
21712
21714
21791
21825
21835
21856
21872
21908
21994
22036
22089
22164
22300
22318
22320
22351
22387
22396
22425
22518
22522
22581
22625
22656
22730
22761
22996
23163
23187
23194
23217
23389
23425
23601
23766
23774
23809
23819
23826
23880
23934
24124
24325
24383
24513
24551
24558
24634
24653
24663
24690
24781
24832
24845
24851
24946
25133
25149
25155
25155
25288
25309
25317
25338
25372
25485
25518
25528
25543
25576
25599
25689
25715
25720
25842
25896
25914
25953
25959
26024
26107
26161
26732
26859
26869
26871
26900
26912
26945
27007
27056
27092
27181
27294
27298
27334
27343
27432
27551
27586
27959
28178
28207
28227
28248
28296
28369
28446
28458
28491
28548
28587
28616
28622
28629
28638
28725
28846
28875
28918
28964
29015
29024
29056
29201
29263
29366
29398
29407
29452
29460
29600
29693
29721
29774
29781
29805
29889
29908
29947
30045
30092
30212
30252
30263
30313
30341
30462
30569
30571
30642
30692
30696
30864
30892
30898
30943
30946
30977
31013
31018
31039
31041
31160
31240
31314
31330
31337
31339
31373
31479
31601
31601
31690
31736
31779
31802
31807
31810
31879
31897
31917
31920
32019
32112
32136
32145
32154
32260
32274
32435
32446
32519
32616
32718
32736
