0 0 27
0 77 12
1 0 13
1 15 50
2 0 4
2 13 0
3 0 45
3 16 39
4 0 26
4 34 21
5 0 23
5 50 24
6 0 39
6 17 12
7 0 2
7 39 12
8 0 46
8 33 29
9 0 37
9 47 44
10 0 12
10 26 28
11 0 13
11 43 19
12 0 34
12 29 18
13 0 12
13 63 33
14 0 0
14 25 32
15 0 41
15 72 44
16 0 36
16 4 3
17 0 33
17 38 14
18 0 15
18 32 37
19 0 14
19 69 28
20 0 24
20 9 35
21 0 47
21 2 19
22 0 21
22 58 32
23 0 5
23 78 45
24 0 10
24 40 24
25 0 49
25 1 14
26 0 9
26 77 35
27 0 44
27 15 12
28 0 39
28 13 44
29 0 19
29 16 25
30 0 2
30 34 24
31 0 24
31 50 38
32 0 39
32 17 22
33 0 20
33 39 42
34 0 36
34 33 23
35 0 20
35 47 44
36 0 24
36 26 26
37 0 43
37 43 38
38 0 42
38 29 15
39 0 12
39 63 17
40 0 5
40 25 16
41 0 4
41 72 40
42 0 8
42 4 15
43 0 5
43 38 12
44 0 12
44 32 30
45 0 37
45 69 48
46 0 39
46 9 16
47 0 41
47 2 46
48 0 9
48 58 14
49 0 19
49 78 18
50 0 3
50 40 10
51 0 38
51 1 27
52 0 37
52 77 37
53 0 15
53 15 5
54 0 23
54 13 5
55 0 23
55 16 21
56 0 4
56 34 24
57 0 30
57 50 6
58 0 28
58 17 26
59 0 21
59 39 25
60 0 46
60 33 10
61 0 24
61 47 21
62 0 23
62 26 24
63 0 42
63 43 6
64 0 33
64 29 36
65 0 46
65 63 20
66 0 49
66 25 45
67 0 17
67 72 14
68 0 33
68 4 24
69 0 28
69 38 0
70 0 28
70 32 30
71 0 9
71 69 7
72 0 1
72 9 11
73 0 46
73 2 30
74 0 50
74 58 50
75 0 44
75 78 10
76 0 43
76 40 2
77 0 31
77 1 8
78 0 31
78 77 4
79 0 13
79 15 47
80 0 20
80 13 18
