0 106 1
0 57 43
1 121 49
1 81 48
2 198 18
2 221 32
3 223 22
3 21 2
4 38 49
4 216 20
5 27 25
5 15 8
6 113 50
6 225 19
7 51 30
7 1 20
8 146 41
8 57 40
9 139 24
9 81 16
10 86 7
10 221 47
11 186 27
11 21 0
12 149 26
12 216 3
13 168 19
13 15 18
14 32 50
14 225 37
15 151 50
15 1 18
16 4 6
16 57 43
17 201 7
17 81 37
18 54 13
18 221 41
19 67 10
19 21 48
20 131 40
20 216 24
21 85 1
21 15 44
22 61 25
22 225 50
23 185 10
23 1 3
24 28 31
24 57 34
25 100 22
25 81 25
26 101 20
26 221 34
27 119 14
27 21 46
28 75 47
28 216 43
29 102 41
29 15 46
30 163 26
30 225 21
31 50 42
31 1 19
32 148 26
32 57 14
33 167 31
33 81 12
34 118 43
34 221 6
35 157 14
35 21 49
36 116 32
36 216 27
37 107 34
37 15 35
38 150 3
38 225 15
39 71 50
39 1 38
40 213 47
40 57 9
41 95 26
41 81 13
42 59 45
42 221 17
43 35 0
43 21 34
44 19 10
44 216 38
45 190 33
45 15 32
46 93 41
46 225 36
47 160 19
47 1 49
48 161 1
48 57 18
49 169 41
49 81 9
50 197 13
50 221 19
51 240 31
51 21 11
52 152 16
52 216 47
53 88 27
53 15 8
54 0 11
54 225 33
55 106 0
55 1 0
56 121 35
56 57 12
57 198 25
57 81 46
58 223 43
58 221 28
59 38 6
59 21 46
60 27 28
60 216 28
61 113 41
61 15 47
62 51 9
62 225 48
63 146 16
63 1 8
64 139 42
64 57 18
65 86 11
65 81 23
66 186 14
66 221 30
67 149 32
67 21 21
68 168 26
68 216 32
69 32 18
69 15 46
70 151 47
70 225 38
71 4 22
71 1 6
72 201 43
72 57 4
73 54 32
73 81 25
74 67 19
74 221 26
75 131 26
75 21 39
76 85 10
76 216 13
77 61 49
77 15 13
78 185 33
78 225 10
79 28 14
79 1 14
80 100 37
80 57 13
81 101 11
81 81 40
82 119 3
82 221 21
83 75 26
83 21 7
84 102 4
84 216 49
85 163 33
85 15 30
86 50 11
86 225 16
87 148 47
87 1 25
88 167 11
88 57 41
89 118 32
89 81 39
90 157 2
90 221 18
91 116 34
91 21 33
92 107 3
92 216 6
93 150 26
93 15 6
94 71 48
94 225 28
95 213 28
95 1 22
96 95 7
96 57 13
97 59 41
97 81 7
98 35 33
98 221 10
99 19 9
99 21 27
100 190 8
100 216 16
101 93 23
101 15 26
102 160 25
102 225 9
103 161 2
103 1 8
104 169 13
104 57 27
105 197 43
105 81 1
106 240 15
106 221 6
107 152 23
107 21 19
108 88 49
108 216 9
109 0 2
109 15 4
110 106 22
110 225 36
111 121 5
111 1 46
112 198 5
112 57 44
113 223 46
113 81 13
114 38 46
114 221 17
115 27 12
115 21 43
116 113 10
116 216 45
117 51 32
117 15 37
118 146 48
118 225 22
119 139 0
119 1 42
120 86 10
120 57 24
121 186 11
121 81 34
122 149 32
122 221 17
123 168 31
123 21 18
124 32 7
124 216 13
125 151 30
125 15 14
126 4 10
126 225 49
127 201 18
127 1 37
128 54 14
128 57 16
129 67 7
129 81 38
130 131 6
130 221 37
131 85 25
131 21 2
132 61 6
132 216 11
133 185 20
133 15 25
134 28 8
134 225 40
135 100 49
135 1 12
136 101 29
136 57 7
137 119 29
137 81 16
138 75 19
138 221 30
139 102 16
139 21 9
140 163 2
140 216 17
141 50 30
141 15 17
142 148 4
142 225 26
143 167 46
143 1 41
144 118 44
144 57 40
145 157 29
145 81 28
146 116 7
146 221 32
147 107 26
147 21 7
148 150 39
148 216 17
149 71 9
149 15 40
150 213 20
150 225 35
151 95 5
151 1 33
152 59 11
152 57 31
153 35 34
153 81 47
154 19 14
154 221 10
155 190 48
155 21 34
156 93 6
156 216 37
157 160 13
157 15 33
158 161 8
158 225 44
159 169 18
159 1 16
160 197 27
160 57 26
161 240 5
161 81 16
162 152 37
162 221 2
163 88 37
163 21 29
164 0 17
164 216 18
165 106 3
165 15 5
166 121 30
166 225 13
167 198 15
167 1 32
168 223 40
168 57 23
169 38 19
169 81 18
170 27 11
170 221 37
171 113 28
171 21 38
172 51 4
172 216 15
173 146 16
173 15 15
174 139 31
174 225 33
175 86 43
175 1 4
176 186 44
176 57 47
177 149 7
177 81 14
178 168 5
178 221 6
179 32 15
179 21 30
180 151 37
180 216 18
181 4 40
181 15 5
182 201 41
182 225 31
183 54 20
183 1 30
184 67 22
184 57 26
185 131 8
185 81 37
186 85 20
186 221 1
187 61 37
187 21 3
188 185 18
188 216 5
189 28 32
189 15 36
190 100 35
190 225 33
191 101 13
191 1 1
192 119 29
192 57 29
193 75 35
193 81 25
194 102 43
194 221 3
195 163 30
195 21 1
196 50 15
196 216 6
197 148 50
197 15 43
198 167 48
198 225 38
199 118 9
199 1 8
200 157 17
200 57 47
201 116 43
201 81 34
202 107 8
202 221 39
203 150 12
203 21 3
204 71 1
204 216 21
205 213 33
205 15 37
206 95 25
206 225 39
207 59 46
207 1 41
208 35 41
208 57 18
209 19 11
209 81 49
210 190 34
210 221 40
211 93 35
211 21 7
212 160 37
212 216 14
213 161 48
213 15 40
214 169 18
214 225 18
215 197 18
215 1 2
216 240 16
216 57 47
217 152 9
217 81 24
218 88 21
218 221 37
219 0 20
219 21 16
220 106 31
220 216 48
221 121 36
221 15 2
222 198 47
222 225 49
223 223 13
223 1 18
224 38 47
224 57 39
225 27 22
225 81 32
226 113 15
226 221 40
227 51 28
227 21 34
228 146 3
228 216 6
229 139 7
229 15 30
230 86 40
230 225 31
231 186 8
231 1 32
232 149 14
232 57 27
233 168 47
233 81 10
234 32 29
234 221 40
235 151 13
235 21 45
236 4 21
236 216 7
237 201 10
237 15 21
238 54 45
238 225 32
239 67 47
239 1 19
240 131 37
240 57 43
241 85 37
241 81 41
242 61 22
242 221 8
