0 141 7
0 5 1
0 79 25
1 22 0
1 86 28
1 188 50
2 18 25
2 118 42
2 142 20
3 12 42
3 129 47
3 242 21
4 221 34
4 194 29
4 214 9
5 19 45
5 84 2
5 128 42
6 131 45
6 174 45
6 239 14
7 96 23
7 20 12
7 163 23
8 70 38
8 240 3
8 102 45
9 190 14
9 110 33
9 233 37
10 183 35
10 0 50
10 43 27
11 104 8
11 141 5
11 26 47
12 30 12
12 22 43
12 223 2
13 146 49
13 18 39
13 87 30
14 116 18
14 12 46
14 58 7
15 91 27
15 221 48
15 112 5
16 46 17
16 19 27
16 185 32
17 218 8
17 131 47
17 62 50
18 54 20
18 96 20
18 144 48
19 160 41
19 70 41
19 65 17
20 171 42
20 190 26
20 41 36
21 200 47
21 183 26
21 81 41
22 230 12
22 104 11
22 50 2
23 225 30
23 30 37
23 162 50
24 106 2
24 146 44
24 227 25
25 220 26
25 116 7
25 51 37
26 173 10
26 91 37
26 38 38
27 191 7
27 46 38
27 56 4
28 187 23
28 218 18
28 35 13
29 88 30
29 54 9
29 25 13
30 148 17
30 160 42
30 63 28
31 97 20
31 171 9
31 201 24
32 2 14
32 200 20
32 120 1
33 79 28
33 230 24
33 134 26
34 188 45
34 225 27
34 161 34
35 142 38
35 106 48
35 179 38
36 242 7
36 220 34
36 175 14
37 214 7
37 173 7
37 28 40
38 128 40
38 191 41
38 108 14
39 239 37
39 187 26
39 13 2
40 163 28
40 88 45
40 164 14
41 102 46
41 148 37
41 209 40
42 233 15
42 97 24
42 178 28
43 43 36
43 2 38
43 1 19
44 26 1
44 79 23
44 5 18
45 223 13
45 188 48
45 86 9
46 87 31
46 142 38
46 118 36
47 58 9
47 242 26
47 129 41
48 112 34
48 214 5
48 194 30
49 185 14
49 128 40
49 84 3
50 62 22
50 239 12
50 174 50
51 144 22
51 163 39
51 20 27
52 65 26
52 102 12
52 240 47
53 41 28
53 233 34
53 110 16
54 81 22
54 43 50
54 0 33
55 50 47
55 26 49
55 141 33
56 162 3
56 223 37
56 22 8
57 227 33
57 87 50
57 18 0
58 51 49
58 58 22
58 12 47
59 38 42
59 112 6
59 221 29
60 56 9
60 185 1
60 19 9
61 35 42
61 62 13
61 131 25
62 25 12
62 144 43
62 96 15
63 63 36
63 65 17
63 70 41
64 201 36
64 41 2
64 190 13
65 120 12
65 81 3
65 183 24
66 134 22
66 50 24
66 104 43
67 161 34
67 162 39
67 30 38
68 179 29
68 227 4
68 146 50
69 175 18
69 51 45
69 116 17
70 28 4
70 38 2
70 91 8
71 108 11
71 56 20
71 46 17
72 13 37
72 35 17
72 218 4
73 164 17
73 25 7
73 54 28
74 209 24
74 63 33
74 160 36
75 178 29
75 201 8
75 171 15
76 1 35
76 120 36
76 200 48
77 5 34
77 134 41
77 230 23
78 86 24
78 161 6
78 225 34
79 118 2
79 179 11
79 106 30
80 129 40
80 175 16
80 220 26
81 194 8
81 28 6
81 173 2
82 84 22
82 108 35
82 191 50
83 174 29
83 13 28
83 187 14
84 20 34
84 164 18
84 88 20
85 240 34
85 209 17
85 148 24
86 110 7
86 178 22
86 97 17
87 0 49
87 1 49
87 2 20
88 141 46
88 5 22
88 79 18
89 22 46
89 86 45
89 188 39
90 18 50
90 118 40
90 142 17
91 12 48
91 129 23
91 242 44
92 221 17
92 194 42
92 214 38
93 19 40
93 84 42
93 128 1
94 131 26
94 174 46
94 239 1
95 96 6
95 20 34
95 163 13
96 70 24
96 240 16
96 102 41
97 190 29
97 110 1
97 233 49
98 183 23
98 0 2
98 43 37
99 104 19
99 141 26
99 26 23
100 30 8
100 22 31
100 223 22
101 146 17
101 18 43
101 87 42
102 116 3
102 12 34
102 58 0
103 91 14
103 221 4
103 112 18
104 46 50
104 19 19
104 185 42
105 218 38
105 131 49
105 62 31
106 54 29
106 96 31
106 144 7
107 160 35
107 70 44
107 65 19
108 171 50
108 190 26
108 41 15
109 200 16
109 183 3
109 81 15
110 230 32
110 104 24
110 50 14
111 225 24
111 30 41
111 162 23
112 106 7
112 146 24
112 227 49
113 220 36
113 116 34
113 51 31
114 173 35
114 91 22
114 38 0
115 191 18
115 46 34
115 56 45
116 187 29
116 218 47
116 35 13
117 88 29
117 54 22
117 25 17
118 148 23
118 160 19
118 63 18
119 97 32
119 171 16
119 201 12
120 2 15
120 200 26
120 120 11
121 79 19
121 230 36
121 134 39
122 188 29
122 225 44
122 161 6
123 142 8
123 106 38
123 179 46
124 242 11
124 220 4
124 175 37
125 214 48
125 173 4
125 28 25
126 128 12
126 191 9
126 108 29
127 239 32
127 187 9
127 13 42
128 163 50
128 88 39
128 164 11
129 102 48
129 148 2
129 209 0
130 233 0
130 97 25
130 178 31
131 43 8
131 2 11
131 1 36
132 26 6
132 79 17
132 5 41
133 223 9
133 188 36
133 86 49
134 87 1
134 142 42
134 118 34
135 58 27
135 242 27
135 129 44
136 112 30
136 214 5
136 194 23
137 185 18
137 128 42
137 84 26
138 62 7
138 239 43
138 174 31
139 144 44
139 163 19
139 20 12
140 65 6
140 102 24
140 240 3
141 41 16
141 233 50
141 110 21
142 81 37
142 43 4
142 0 18
143 50 5
143 26 50
143 141 31
144 162 33
144 223 16
144 22 42
145 227 18
145 87 48
145 18 26
146 51 45
146 58 46
146 12 26
147 38 25
147 112 7
147 221 7
148 56 48
148 185 30
148 19 10
149 35 10
149 62 3
149 131 1
150 25 11
150 144 33
150 96 14
151 63 21
151 65 15
151 70 3
152 201 10
152 41 10
152 190 48
153 120 48
153 81 50
153 183 9
154 134 9
154 50 10
154 104 39
155 161 31
155 162 18
155 30 1
156 179 45
156 227 28
156 146 38
157 175 11
157 51 4
157 116 10
158 28 16
158 38 23
158 91 6
159 108 9
159 56 36
159 46 14
160 13 31
160 35 27
160 218 43
161 164 49
161 25 17
161 54 44
162 209 45
162 63 19
162 160 26
163 178 42
163 201 18
163 171 46
164 1 26
164 120 22
164 200 13
165 5 29
165 134 5
165 230 42
166 86 43
166 161 50
166 225 50
167 118 42
167 179 17
167 106 35
168 129 49
168 175 7
168 220 13
169 194 44
169 28 30
169 173 4
170 84 23
170 108 33
170 191 3
171 174 26
171 13 39
171 187 50
172 20 24
172 164 33
172 88 36
173 240 48
173 209 20
173 148 11
174 110 22
174 178 28
174 97 15
175 0 15
175 1 36
175 2 30
176 141 13
176 5 32
176 79 16
177 22 25
177 86 43
177 188 32
178 18 16
178 118 23
178 142 50
179 12 12
179 129 5
179 242 44
180 221 25
180 194 26
180 214 32
181 19 24
181 84 30
181 128 30
182 131 14
182 174 50
182 239 20
183 96 5
183 20 31
183 163 17
184 70 32
184 240 13
184 102 22
185 190 24
185 110 39
185 233 7
186 183 49
186 0 11
186 43 16
187 104 15
187 141 28
187 26 50
188 30 40
188 22 27
188 223 14
189 146 19
189 18 44
189 87 13
190 116 47
190 12 37
190 58 43
191 91 17
191 221 35
191 112 34
192 46 13
192 19 39
192 185 43
193 218 20
193 131 10
193 62 19
194 54 35
194 96 15
194 144 3
195 160 49
195 70 48
195 65 8
196 171 25
196 190 4
196 41 20
197 200 40
197 183 13
197 81 18
198 230 31
198 104 30
198 50 30
199 225 15
199 30 0
199 162 35
200 106 42
200 146 45
200 227 28
201 220 6
201 116 28
201 51 3
202 173 17
202 91 0
202 38 26
203 191 17
203 46 15
203 56 40
204 187 49
204 218 15
204 35 17
205 88 37
205 54 23
205 25 48
206 148 38
206 160 13
206 63 12
207 97 29
207 171 46
207 201 32
208 2 12
208 200 7
208 120 14
209 79 13
209 230 13
209 134 24
210 188 10
210 225 20
210 161 21
211 142 19
211 106 36
211 179 29
212 242 26
212 220 44
212 175 6
213 214 39
213 173 40
213 28 43
214 128 34
214 191 21
214 108 5
215 239 17
215 187 39
215 13 42
216 163 15
216 88 3
216 164 15
217 102 34
217 148 49
217 209 30
218 233 33
218 97 5
218 178 17
219 43 30
219 2 43
219 1 15
220 26 41
220 79 37
220 5 3
221 223 33
221 188 21
221 86 38
222 87 5
222 142 49
222 118 46
223 58 10
223 242 27
223 129 8
224 112 20
224 214 39
224 194 3
225 185 25
225 128 48
225 84 38
226 62 17
226 239 41
226 174 24
227 144 9
227 163 12
227 20 16
228 65 33
228 102 26
228 240 46
229 41 6
229 233 33
229 110 12
230 81 14
230 43 13
230 0 5
231 50 29
231 26 49
231 141 9
232 162 46
232 223 38
232 22 39
233 227 21
233 87 7
233 18 43
234 51 1
234 58 5
234 12 41
235 38 6
235 112 22
235 221 10
236 56 27
236 185 37
236 19 0
237 35 0
237 62 48
237 131 50
238 25 47
238 144 9
238 96 44
239 63 40
239 65 20
239 70 37
240 201 18
240 41 5
240 190 27
241 120 16
241 81 9
241 183 27
242 134 36
242 50 24
242 104 39
