0 233 19
0 538 5
0 694 26
0 313 28
1 644 17
1 299 2
1 314 31
1 561 10
2 510 26
2 332 26
2 611 25
2 133 23
3 653 29
3 462 25
3 31 39
3 662 23
4 321 15
4 311 8
4 282 32
4 405 40
5 38 7
5 50 46
5 333 40
5 724 16
6 567 17
6 566 14
6 118 18
6 279 40
7 607 33
7 28 23
7 23 12
7 215 20
8 226 26
8 374 24
8 142 43
8 383 22
9 519 25
9 398 3
9 628 39
9 163 24
10 445 18
10 236 2
10 337 22
10 461 34
11 289 25
11 537 31
11 55 37
11 13 33
12 99 19
12 499 12
12 218 11
12 541 21
13 136 11
13 502 42
13 527 7
13 245 32
14 619 44
14 223 22
14 596 4
14 540 32
15 154 26
15 146 3
15 203 47
15 608 35
16 199 43
16 396 42
16 478 12
16 159 17
17 326 17
17 342 25
17 123 4
17 354 14
18 602 1
18 201 9
18 81 23
18 613 29
19 690 1
19 294 26
19 287 32
19 356 15
20 551 43
20 454 19
20 355 47
20 45 14
21 59 21
21 597 30
21 95 5
21 579 19
22 481 44
22 458 18
22 252 12
22 621 49
23 399 11
23 349 43
23 139 10
23 491 48
24 552 13
24 193 15
24 285 36
24 149 11
25 705 49
25 468 13
25 256 26
25 589 19
26 344 6
26 368 11
26 308 27
26 92 33
27 669 50
27 47 11
27 10 35
27 387 30
28 511 46
28 556 48
28 514 28
28 496 7
29 347 50
29 340 18
29 241 13
29 656 20
30 29 46
30 5 20
30 636 39
30 638 30
31 453 16
31 327 37
31 573 45
31 102 15
32 378 28
32 248 19
32 569 29
32 263 48
33 441 44
33 101 47
33 688 17
33 35 0
34 108 33
34 646 8
34 392 43
34 158 24
35 220 19
35 381 20
35 186 9
35 711 25
36 309 38
36 418 9
36 113 13
36 221 35
37 709 15
37 651 50
37 281 1
37 717 4
38 585 15
38 570 49
38 497 19
38 151 2
39 250 23
39 727 3
39 83 18
39 350 49
40 536 6
40 504 31
40 243 4
40 183 24
41 307 38
41 489 4
41 447 43
41 531 9
42 338 34
42 319 25
42 598 35
42 68 11
43 164 24
43 492 41
43 477 8
43 225 14
44 373 35
44 358 26
44 647 14
44 528 25
45 430 41
45 482 25
45 386 4
45 506 0
46 320 38
46 72 29
46 450 40
46 681 36
47 179 3
47 648 44
47 455 40
47 128 36
48 182 37
48 676 38
48 126 23
48 475 29
49 268 11
49 100 26
49 15 49
49 457 27
50 545 21
50 466 47
50 650 12
50 196 26
51 33 44
51 500 6
51 595 32
51 230 46
52 610 13
52 257 23
52 211 23
52 195 12
53 192 3
53 41 49
53 306 40
53 116 48
54 671 10
54 627 31
54 229 14
54 658 44
55 530 25
55 674 40
55 32 35
55 171 50
56 384 12
56 576 1
56 363 14
56 641 10
57 96 4
57 73 4
57 161 19
57 78 17
58 0 10
58 703 29
58 283 29
58 366 4
59 233 38
59 312 11
59 578 36
59 271 38
60 644 41
60 728 34
60 190 49
60 449 36
61 510 23
61 329 50
61 480 2
61 318 30
62 653 13
62 679 0
62 660 1
62 27 25
63 321 45
63 553 34
63 274 39
63 436 35
64 38 21
64 493 35
64 14 18
64 208 26
65 567 23
65 655 16
65 385 12
65 564 7
66 607 12
66 467 38
66 632 14
66 359 34
67 226 44
67 84 48
67 614 2
67 657 8
68 519 17
68 532 50
68 680 7
68 463 48
69 445 19
69 143 16
69 24 23
69 505 14
70 289 12
70 629 3
70 572 41
70 152 44
71 99 15
71 185 9
71 565 45
71 273 21
72 136 12
72 213 27
72 346 36
72 124 33
73 619 32
73 554 12
73 9 30
73 162 17
74 154 5
74 166 31
74 459 2
74 391 17
75 199 22
75 393 5
75 544 24
75 437 25
76 326 43
76 494 1
76 479 24
76 98 11
77 602 2
77 507 50
77 550 24
77 682 18
78 690 37
78 495 42
78 232 44
78 357 12
79 551 2
79 109 23
79 286 12
79 18 0
80 59 12
80 42 14
80 417 35
80 404 20
81 481 22
81 305 25
81 634 11
81 302 10
82 399 13
82 568 42
82 12 12
82 345 11
83 552 22
83 237 21
83 433 21
83 296 24
84 705 30
84 255 25
84 198 36
84 708 6
85 344 14
85 509 26
85 1 14
85 91 43
86 669 45
86 380 21
86 538 10
86 464 3
87 511 7
87 612 21
87 299 27
87 267 4
88 347 3
88 272 29
88 332 14
88 547 22
89 29 31
89 7 40
89 462 33
89 129 22
90 453 36
90 618 21
90 311 41
90 403 22
91 378 50
91 207 5
91 50 12
91 586 37
92 441 49
92 622 26
92 566 5
92 631 38
93 108 14
93 75 21
93 28 4
93 110 48
94 220 1
94 687 9
94 374 9
94 460 28
95 309 32
95 423 15
95 398 50
95 501 16
96 709 13
96 264 15
96 236 7
96 200 12
97 585 49
97 649 22
97 537 3
97 440 13
98 250 4
98 484 11
98 499 36
98 659 26
99 536 15
99 175 16
99 502 45
99 8 0
100 307 8
100 601 21
100 223 4
100 721 15
101 338 23
101 260 19
101 146 14
101 592 6
102 164 7
102 16 5
102 396 14
102 276 0
103 373 34
103 525 46
103 342 50
103 284 38
104 430 40
104 700 47
104 201 44
104 498 12
105 320 49
105 591 13
105 294 3
105 369 21
106 179 18
106 77 4
106 454 31
106 331 43
107 182 45
107 490 48
107 597 3
107 429 15
108 268 27
108 297 32
108 458 31
108 546 26
109 545 46
109 698 42
109 349 44
109 361 34
110 33 13
110 22 28
110 193 5
110 249 17
111 610 3
111 560 14
111 468 43
111 266 49
112 192 16
112 526 18
112 368 45
112 666 40
113 671 22
113 17 43
113 47 25
113 317 10
114 530 25
114 521 1
114 556 6
114 40 20
115 384 12
115 247 37
115 340 45
115 425 44
116 96 6
116 134 34
116 5 23
116 214 45
117 0 21
117 542 50
117 327 47
117 104 7
118 233 11
118 395 29
118 248 27
118 334 25
119 644 5
119 280 36
119 101 2
119 376 0
120 510 27
120 275 48
120 646 21
120 80 20
121 653 47
121 639 23
121 381 24
121 534 13
122 321 15
122 471 33
122 418 48
122 594 10
123 38 13
123 652 18
123 651 47
123 382 2
124 567 48
124 87 5
124 570 15
124 246 19
125 607 30
125 239 31
125 727 47
125 212 29
126 226 13
126 668 12
126 504 24
126 555 36
127 519 33
127 543 44
127 489 25
127 238 45
128 445 25
128 269 26
128 319 9
128 251 1
129 289 19
129 435 15
129 492 46
129 174 49
130 99 43
130 141 12
130 358 49
130 114 9
131 136 2
131 145 32
131 482 11
131 625 18
132 619 26
132 57 34
132 72 35
132 36 21
133 154 12
133 177 10
133 648 5
133 702 3
134 199 30
134 696 35
134 676 49
134 194 44
135 326 2
135 62 37
135 100 17
135 360 14
136 602 39
136 150 12
136 466 20
136 88 19
137 690 5
137 259 11
137 500 16
137 112 17
138 551 35
138 675 21
138 257 8
138 689 10
139 59 9
139 474 47
139 41 3
139 725 50
140 481 10
140 310 2
140 627 17
140 144 29
141 399 47
141 51 47
141 674 21
141 278 24
142 552 12
142 364 13
142 576 35
142 43 38
143 705 34
143 235 2
143 73 48
143 726 20
144 344 18
144 303 15
144 703 12
144 6 4
145 669 20
145 487 26
145 312 11
145 325 39
146 511 16
146 665 12
146 728 42
146 431 7
147 347 23
147 640 27
147 329 1
147 191 30
148 29 38
148 410 9
148 679 27
148 64 48
149 453 26
149 370 25
149 553 24
149 523 37
150 378 44
150 48 29
150 493 45
150 202 50
151 441 9
151 412 26
151 655 45
151 3 31
152 108 37
152 548 11
152 467 29
152 313 11
153 220 45
153 563 26
153 84 22
153 561 49
154 309 38
154 352 49
154 532 28
154 133 34
155 709 28
155 170 46
155 143 38
155 662 9
156 585 31
156 616 13
156 629 43
156 405 31
157 250 39
157 715 8
157 185 1
157 724 23
158 536 32
158 242 13
158 213 7
158 279 49
159 307 41
159 292 33
159 554 41
159 215 43
160 338 30
160 119 43
160 166 32
160 383 3
161 164 22
161 165 8
161 393 22
161 163 42
162 373 27
162 135 4
162 494 24
162 461 13
163 430 34
163 210 16
163 507 5
163 13 16
164 320 18
164 420 39
164 495 40
164 541 37
165 179 15
165 483 50
165 109 3
165 245 49
166 182 5
166 173 13
166 42 7
166 540 20
167 268 48
167 389 0
167 305 8
167 608 39
168 545 16
168 67 27
168 568 42
168 159 1
169 33 38
169 588 12
169 237 29
169 354 15
170 610 2
170 623 29
170 255 44
170 613 36
171 192 13
171 37 15
171 509 20
171 356 30
172 671 19
172 204 41
172 380 36
172 45 35
173 530 4
173 714 12
173 612 11
173 579 45
174 384 38
174 465 49
174 272 44
174 621 34
175 96 5
175 228 11
175 7 29
175 491 28
176 0 44
176 86 29
176 618 38
176 149 26
177 233 14
177 408 34
177 207 16
177 589 35
178 644 33
178 379 47
178 622 30
178 92 0
179 510 23
179 71 45
179 75 41
179 387 44
180 653 45
180 699 29
180 687 23
180 496 42
181 321 46
181 181 14
181 423 4
181 656 24
182 38 48
182 434 37
182 264 49
182 638 1
183 567 44
183 339 7
183 649 6
183 102 38
184 607 36
184 707 6
184 484 45
184 263 33
185 226 4
185 630 35
185 175 10
185 35 25
186 519 32
186 25 34
186 601 25
186 158 31
187 445 23
187 624 27
187 260 40
187 711 24
188 289 35
188 452 42
188 16 6
188 221 32
189 99 34
189 111 12
189 525 2
189 717 21
190 136 24
190 712 38
190 700 35
190 151 5
191 619 47
191 539 24
191 591 48
191 350 24
192 154 39
192 524 3
192 77 36
192 183 31
193 199 10
193 335 18
193 490 47
193 531 18
194 326 30
194 295 39
194 297 2
194 68 36
195 602 13
195 593 27
195 698 9
195 225 5
196 690 9
196 606 38
196 22 33
196 528 39
197 551 12
197 180 2
197 560 38
197 506 4
198 59 24
198 713 5
198 526 24
198 681 22
199 481 45
199 106 30
199 17 7
199 128 25
200 399 45
200 293 36
200 521 39
200 475 39
201 552 36
201 11 5
201 247 0
201 457 49
202 705 39
202 388 33
202 134 15
202 196 50
203 344 1
203 56 37
203 542 39
203 230 1
204 669 6
204 60 45
204 395 27
204 195 12
205 511 42
205 316 22
205 280 36
205 116 19
206 347 29
206 184 30
206 275 15
206 658 13
207 29 15
207 485 36
207 639 4
207 171 48
208 453 36
208 670 33
208 471 29
208 641 20
209 378 47
209 476 38
209 652 12
209 78 44
210 441 3
210 270 21
210 87 29
210 366 21
211 108 23
211 69 35
211 239 1
211 271 34
212 220 5
212 633 39
212 668 1
212 449 20
213 309 5
213 49 36
213 543 21
213 318 2
214 709 3
214 488 23
214 269 15
214 27 13
215 585 15
215 94 11
215 435 20
215 436 29
216 250 22
216 160 37
216 141 11
216 208 38
217 536 3
217 231 48
217 145 32
217 564 42
218 307 1
218 323 35
218 57 1
218 359 37
219 338 14
219 4 47
219 177 7
219 657 3
220 164 5
220 20 19
220 696 21
220 463 33
221 373 20
221 315 35
221 62 5
221 505 28
222 430 36
222 427 41
222 150 30
222 152 2
223 320 2
223 155 40
223 259 30
223 273 10
224 179 44
224 599 49
224 675 1
224 124 2
225 182 49
225 426 36
225 474 43
225 162 33
226 268 23
226 206 31
226 310 39
226 391 21
227 545 8
227 508 42
227 51 8
227 437 38
228 33 46
228 176 38
228 364 3
228 98 24
229 610 33
229 122 11
229 235 27
229 682 18
230 192 29
230 34 16
230 303 44
230 357 44
231 671 16
231 351 35
231 487 28
231 18 35
232 530 48
232 46 50
232 665 18
232 404 18
233 384 34
233 549 28
233 640 15
233 302 50
234 96 43
234 642 37
234 410 30
234 345 4
235 0 44
235 587 5
235 370 20
235 296 12
236 233 27
236 446 18
236 48 14
236 708 15
237 644 25
237 416 5
237 412 21
237 91 33
238 510 40
238 720 12
238 548 39
238 464 28
239 653 33
239 654 22
239 563 41
239 267 8
240 321 10
240 277 22
240 352 6
240 547 15
241 38 43
241 513 24
241 170 21
241 129 22
242 567 29
242 518 19
242 616 22
242 403 19
243 607 5
243 209 22
243 715 7
243 586 22
244 226 50
244 472 22
244 242 49
244 631 33
245 519 31
245 605 40
245 292 27
245 110 38
246 445 33
246 105 32
246 119 27
246 460 48
247 289 23
247 153 29
247 165 19
247 501 45
248 99 21
248 706 48
248 135 31
248 200 24
249 136 10
249 79 49
249 210 12
249 440 39
250 619 2
250 428 43
250 420 31
250 659 44
251 154 20
251 645 2
251 483 42
251 8 50
252 199 42
252 486 45
252 173 6
252 721 36
253 326 39
253 131 24
253 389 6
253 592 35
254 602 28
254 575 48
254 67 13
254 276 6
255 690 50
255 39 8
255 588 5
255 284 33
256 551 16
256 584 11
256 623 33
256 498 35
257 59 50
257 661 24
257 37 9
257 369 10
258 481 43
258 197 39
258 204 23
258 331 32
259 399 1
259 401 42
259 714 33
259 429 20
260 552 12
260 686 17
260 465 7
260 546 47
261 705 36
261 61 39
261 228 32
261 361 50
262 344 2
262 157 10
262 86 0
262 249 48
263 669 42
263 684 36
263 408 18
263 266 4
264 511 42
264 600 24
264 379 0
264 666 11
265 347 12
265 362 36
265 71 20
265 317 23
266 29 43
266 156 6
266 699 40
266 40 9
267 453 1
267 710 34
267 181 39
267 425 50
268 378 26
268 664 4
268 434 23
268 214 32
269 441 27
269 26 31
269 339 4
269 104 17
270 108 4
270 400 46
270 707 0
270 334 28
271 220 45
271 343 35
271 630 1
271 376 27
272 309 39
272 626 45
272 25 46
272 80 23
273 709 28
273 515 39
273 624 10
273 534 1
274 585 11
274 609 28
274 452 43
274 594 5
275 250 12
275 97 18
275 111 25
275 382 40
276 536 38
276 240 30
276 712 7
276 246 50
277 307 40
277 63 36
277 539 18
277 212 34
278 338 2
278 234 10
278 524 13
278 555 39
279 164 11
279 718 36
279 335 9
279 238 25
280 373 24
280 262 41
280 295 42
280 251 18
281 430 14
281 117 22
281 593 45
281 174 19
282 320 36
282 411 40
282 606 24
282 114 24
283 179 24
283 604 38
283 180 31
283 625 37
284 182 45
284 137 42
284 713 41
284 36 47
285 268 22
285 414 39
285 106 15
285 702 18
286 545 28
286 76 8
286 293 15
286 194 49
287 33 50
287 716 41
287 11 30
287 360 49
288 610 17
288 132 38
288 388 6
288 88 37
289 192 1
289 167 13
289 56 30
289 112 44
290 671 10
290 517 3
290 60 20
290 689 48
291 530 5
291 693 25
291 316 27
291 725 43
292 384 49
292 93 41
292 184 14
292 144 33
293 96 25
293 558 35
293 485 30
293 278 50
294 0 2
294 130 11
294 670 44
294 43 36
295 233 50
295 336 21
295 476 17
295 726 14
296 644 4
296 188 40
296 270 30
296 6 50
297 510 22
297 253 5
297 69 44
297 325 43
298 653 45
298 66 31
298 633 23
298 431 6
299 321 24
299 469 29
299 49 25
299 191 8
300 38 32
300 723 9
300 488 27
300 64 30
301 567 3
301 512 3
301 94 33
301 523 22
302 607 24
302 82 34
302 160 27
302 202 40
303 226 1
303 53 17
303 231 30
303 3 44
304 519 27
304 394 13
304 323 11
304 313 37
305 445 5
305 701 47
305 4 16
305 561 21
306 289 26
306 448 17
306 20 16
306 133 19
307 99 2
307 65 15
307 315 42
307 662 48
308 136 2
308 172 44
308 427 36
308 405 24
309 619 24
309 19 44
309 155 8
309 724 29
310 154 16
310 413 46
310 599 36
310 279 43
311 199 9
311 590 9
311 426 40
311 215 44
312 326 49
312 415 32
312 206 34
312 383 38
313 602 49
313 719 27
313 508 37
313 163 43
314 690 17
314 300 50
314 176 33
314 461 49
315 551 10
315 52 6
315 122 24
315 13 1
316 59 29
316 685 20
316 34 20
316 541 26
317 481 37
317 473 17
317 351 44
317 245 21
318 399 22
318 375 0
318 46 46
318 540 4
319 552 46
319 390 16
319 549 26
319 608 37
320 705 27
320 222 44
320 642 40
320 159 15
321 344 21
321 169 48
321 587 10
321 354 39
322 669 1
322 120 37
322 446 39
322 613 28
323 511 11
323 74 12
323 416 3
323 356 12
324 347 6
324 178 25
324 720 23
324 45 42
325 29 22
325 377 37
325 654 48
325 579 43
326 453 46
326 402 38
326 277 9
326 621 33
327 378 50
327 205 22
327 513 44
327 491 18
328 441 26
328 580 13
328 518 49
328 149 47
329 108 4
329 121 24
329 209 40
329 589 4
330 220 3
330 90 20
330 472 22
330 92 29
331 309 16
331 54 46
331 605 43
331 387 5
332 709 11
332 328 42
332 105 25
332 496 28
333 585 13
333 397 23
333 153 7
333 656 33
334 250 38
334 444 2
334 706 17
334 638 20
335 536 3
335 147 4
335 79 47
335 102 37
336 307 24
336 678 33
336 428 26
336 263 34
337 338 2
337 365 11
337 645 31
337 35 45
338 164 22
338 520 7
338 486 37
338 158 40
339 373 43
339 290 36
339 131 32
339 711 33
340 430 1
340 301 29
340 575 16
340 221 9
341 320 38
341 140 5
341 39 24
341 717 16
342 179 19
342 217 44
342 584 40
342 151 38
343 182 31
343 683 48
343 661 7
343 350 10
344 268 29
344 298 29
344 197 16
344 183 22
345 545 7
345 371 25
345 401 2
345 531 45
346 33 19
346 30 28
346 686 19
346 68 33
347 610 15
347 44 45
347 61 40
347 225 48
348 192 4
348 407 8
348 157 37
348 528 22
349 671 29
349 663 33
349 684 0
349 506 46
350 530 8
350 189 31
350 600 13
350 681 8
351 384 29
351 367 22
351 362 12
351 128 19
352 96 50
352 533 7
352 156 26
352 475 1
353 0 45
353 227 39
353 710 7
353 457 11
354 233 1
354 697 21
354 664 1
354 196 41
355 644 47
355 673 39
355 26 31
355 230 11
356 510 11
356 643 27
356 400 17
356 195 32
357 653 31
357 288 5
357 343 8
357 116 13
358 321 45
358 291 32
358 626 45
358 658 26
359 38 38
359 372 37
359 515 5
359 171 7
360 567 28
360 620 41
360 609 32
360 641 5
361 607 19
361 324 22
361 97 0
361 78 2
362 226 10
362 443 26
362 240 32
362 366 21
363 519 47
363 103 4
363 63 33
363 271 35
364 445 43
364 442 2
364 234 39
364 449 15
365 289 17
365 216 17
365 718 6
365 318 47
366 99 17
366 603 46
366 262 25
366 27 1
367 136 10
367 503 33
367 117 0
367 436 3
368 619 3
368 21 14
368 411 29
368 208 20
369 154 18
369 138 34
369 604 2
369 564 44
370 199 31
370 58 45
370 137 37
370 359 41
371 326 5
371 677 27
371 414 20
371 657 2
372 602 6
372 522 2
372 76 16
372 463 18
373 690 32
373 704 15
373 716 22
373 505 26
374 551 15
374 637 32
374 132 42
374 152 43
375 59 4
375 419 9
375 167 4
375 273 41
376 481 26
376 722 34
376 517 38
376 124 6
377 399 4
377 261 26
377 693 28
377 162 25
378 552 1
378 353 9
378 93 21
378 391 42
379 705 38
379 409 34
379 558 10
379 437 32
380 344 12
380 559 41
380 130 42
380 98 15
381 669 27
381 89 2
381 336 5
381 682 26
382 511 7
382 219 36
382 188 31
382 357 38
383 347 16
383 422 13
383 253 19
383 18 29
384 29 7
384 571 34
384 66 15
384 404 9
385 453 42
385 107 15
385 469 13
385 302 43
386 378 31
386 2 13
386 723 23
386 345 1
387 441 11
387 694 26
387 512 30
387 296 35
388 108 4
388 314 31
388 82 32
388 708 5
389 220 21
389 611 16
389 53 40
389 91 35
390 309 2
390 31 5
390 394 37
390 464 27
391 709 22
391 282 18
391 701 23
391 267 36
392 585 40
392 333 32
392 448 45
392 547 13
393 250 14
393 118 9
393 65 5
393 129 27
394 536 45
394 23 20
394 172 2
394 403 4
395 307 16
395 142 12
395 19 33
395 586 16
396 338 0
396 628 10
396 413 28
396 631 39
397 164 17
397 337 45
397 590 25
397 110 46
398 373 25
398 55 23
398 415 17
398 460 19
399 430 15
399 218 20
399 719 46
399 501 41
400 320 25
400 527 41
400 300 5
400 200 25
401 179 49
401 596 12
401 52 19
401 440 13
402 182 12
402 203 24
402 685 1
402 659 35
403 268 9
403 478 18
403 473 47
403 8 24
404 545 10
404 123 40
404 375 33
404 721 47
405 33 41
405 81 15
405 390 48
405 592 31
406 610 24
406 287 45
406 222 47
406 276 29
407 192 49
407 355 14
407 169 19
407 284 42
408 671 3
408 95 1
408 120 23
408 498 38
409 530 5
409 252 1
409 74 44
409 369 26
410 384 25
410 139 41
410 178 8
410 331 27
411 96 22
411 285 36
411 377 47
411 429 15
412 0 47
412 256 50
412 402 38
412 546 13
413 233 27
413 308 28
413 205 47
413 361 50
414 644 49
414 10 43
414 580 12
414 249 6
415 510 38
415 514 46
415 121 18
415 266 16
416 653 50
416 241 2
416 90 28
416 666 8
417 321 42
417 636 48
417 54 31
417 317 43
418 38 3
418 573 21
418 328 47
418 40 38
419 567 23
419 569 32
419 397 20
419 425 46
420 607 6
420 688 30
420 444 46
420 214 47
421 226 3
421 392 42
421 147 24
421 104 29
422 519 31
422 186 40
422 678 39
422 334 18
423 445 41
423 113 49
423 365 37
423 376 0
424 289 27
424 281 34
424 520 5
424 80 17
425 99 34
425 497 14
425 290 13
425 534 16
426 136 17
426 83 42
426 301 4
426 594 49
427 619 4
427 243 41
427 140 16
427 382 47
428 154 11
428 447 20
428 217 49
428 246 6
429 199 7
429 598 26
429 683 10
429 212 23
430 326 15
430 477 27
430 298 21
430 555 8
431 602 42
431 647 33
431 371 46
431 238 43
432 690 39
432 386 42
432 30 41
432 251 19
433 551 20
433 450 7
433 44 19
433 174 50
434 59 22
434 455 49
434 407 26
434 114 18
435 481 14
435 126 45
435 663 35
435 625 15
436 399 7
436 15 7
436 189 47
436 36 2
437 552 30
437 650 34
437 367 11
437 702 48
438 705 41
438 595 32
438 533 39
438 194 12
439 344 47
439 211 5
439 227 41
439 360 39
440 669 14
440 306 3
440 697 5
440 88 45
441 511 28
441 229 8
441 673 42
441 112 5
442 347 31
442 32 11
442 643 34
442 689 50
443 29 11
443 363 3
443 288 6
443 725 39
444 453 43
444 161 29
444 291 43
444 144 8
445 378 17
445 283 19
445 372 44
445 278 47
446 441 35
446 578 41
446 620 17
446 43 8
447 108 3
447 190 2
447 324 15
447 726 29
448 220 28
448 480 36
448 443 46
448 6 5
449 309 15
449 660 45
449 103 8
449 325 34
450 709 13
450 274 21
450 442 16
450 431 48
451 585 25
451 14 32
451 216 40
451 191 39
452 250 33
452 385 48
452 603 13
452 64 33
453 536 9
453 632 13
453 503 47
453 523 50
454 307 16
454 614 20
454 21 36
454 202 38
455 338 46
455 680 26
455 138 22
455 3 5
456 164 0
456 24 19
456 58 18
456 313 2
457 373 23
457 572 27
457 677 36
457 561 21
458 430 28
458 565 35
458 522 34
458 133 48
459 320 30
459 346 42
459 704 28
459 662 6
460 179 49
460 9 6
460 637 12
460 405 5
461 182 42
461 459 23
461 419 13
461 724 16
462 268 33
462 544 7
462 722 43
462 279 17
463 545 34
463 479 12
463 261 14
463 215 41
464 33 21
464 550 24
464 353 5
464 383 32
465 610 34
465 232 3
465 409 38
465 163 25
466 192 1
466 286 13
466 559 50
466 461 38
467 671 19
467 417 22
467 89 45
467 13 48
468 530 30
468 634 41
468 219 47
468 541 17
469 384 43
469 12 50
469 422 18
469 245 32
470 96 27
470 433 3
470 571 42
470 540 37
471 0 12
471 198 50
471 107 11
471 608 23
472 233 18
472 1 45
472 2 43
472 159 48
473 644 13
473 538 41
473 694 40
473 354 36
474 510 11
474 299 49
474 314 18
474 613 42
475 653 42
475 332 7
475 611 17
475 356 16
476 321 46
476 462 44
476 31 31
476 45 32
477 38 6
477 311 43
477 282 1
477 579 13
478 567 7
478 50 22
478 333 50
478 621 22
479 607 41
479 566 12
479 118 36
479 491 0
480 226 42
480 28 5
480 23 4
480 149 8
481 519 27
481 374 21
481 142 9
481 589 11
482 445 15
482 398 46
482 628 5
482 92 37
483 289 49
483 236 33
483 337 9
483 387 42
484 99 3
484 537 4
484 55 47
484 496 0
485 136 4
485 499 37
485 218 5
485 656 43
486 619 41
486 502 23
486 527 43
486 638 12
487 154 42
487 223 7
487 596 49
487 102 28
488 199 24
488 146 45
488 203 50
488 263 23
489 326 38
489 396 15
489 478 26
489 35 30
490 602 9
490 342 28
490 123 1
490 158 9
491 690 34
491 201 38
491 81 23
491 711 19
492 551 10
492 294 5
492 287 11
492 221 46
493 59 47
493 454 41
493 355 15
493 717 28
494 481 18
494 597 28
494 95 41
494 151 41
495 399 35
495 458 17
495 252 14
495 350 1
496 552 25
496 349 47
496 139 1
496 183 40
497 705 6
497 193 0
497 285 10
497 531 25
498 344 35
498 468 41
498 256 11
498 68 25
499 669 40
499 368 3
499 308 33
499 225 32
500 511 6
500 47 11
500 10 50
500 528 26
501 347 39
501 556 4
501 514 50
501 506 40
502 29 22
502 340 20
502 241 1
502 681 42
503 453 34
503 5 22
503 636 33
503 128 18
504 378 44
504 327 20
504 573 37
504 475 0
505 441 30
505 248 15
505 569 49
505 457 33
506 108 42
506 101 17
506 688 19
506 196 19
507 220 25
507 646 35
507 392 35
507 230 50
508 309 40
508 381 29
508 186 29
508 195 42
509 709 33
509 418 16
509 113 11
509 116 18
510 585 40
510 651 49
510 281 31
510 658 12
511 250 22
511 570 18
511 497 22
511 171 8
512 536 10
512 727 20
512 83 49
512 641 32
513 307 5
513 504 11
513 243 50
513 78 42
514 338 23
514 489 44
514 447 16
514 366 49
515 164 46
515 319 49
515 598 15
515 271 18
516 373 4
516 492 23
516 477 34
516 449 10
517 430 7
517 358 33
517 647 23
517 318 48
518 320 8
518 482 37
518 386 23
518 27 47
519 179 50
519 72 28
519 450 42
519 436 18
520 182 47
520 648 25
520 455 28
520 208 20
521 268 17
521 676 23
521 126 47
521 564 31
522 545 25
522 100 13
522 15 16
522 359 28
523 33 23
523 466 30
523 650 29
523 657 45
524 610 26
524 500 38
524 595 45
524 463 41
525 192 32
525 257 31
525 211 33
525 505 13
526 671 28
526 41 31
526 306 6
526 152 16
527 530 7
527 627 25
527 229 49
527 273 27
528 384 9
528 674 13
528 32 26
528 124 39
529 96 44
529 576 12
529 363 44
529 162 3
530 0 7
530 73 13
530 161 9
530 391 9
531 233 10
531 703 4
531 283 23
531 437 45
532 644 34
532 312 13
532 578 40
532 98 47
533 510 37
533 728 18
533 190 25
533 682 50
534 653 20
534 329 6
534 480 21
534 357 19
535 321 43
535 679 30
535 660 31
535 18 2
536 38 48
536 553 41
536 274 48
536 404 48
537 567 0
537 493 7
537 14 21
537 302 39
538 607 44
538 655 47
538 385 27
538 345 30
539 226 36
539 467 46
539 632 2
539 296 48
540 519 3
540 84 24
540 614 48
540 708 2
541 445 37
541 532 26
541 680 48
541 91 31
542 289 27
542 143 16
542 24 2
542 464 48
543 99 3
543 629 15
543 572 36
543 267 20
544 136 49
544 185 24
544 565 4
544 547 5
545 619 43
545 213 39
545 346 11
545 129 31
546 154 9
546 554 40
546 9 41
546 403 30
547 199 11
547 166 36
547 459 19
547 586 12
548 326 9
548 393 50
548 544 15
548 631 24
549 602 2
549 494 3
549 479 33
549 110 4
550 690 47
550 507 38
550 550 30
550 460 12
551 551 48
551 495 29
551 232 49
551 501 18
552 59 21
552 109 43
552 286 40
552 200 34
553 481 30
553 42 43
553 417 46
553 440 30
554 399 26
554 305 6
554 634 25
554 659 45
555 552 1
555 568 32
555 12 18
555 8 36
556 705 7
556 237 31
556 433 19
556 721 3
557 344 27
557 255 30
557 198 35
557 592 10
558 669 29
558 509 4
558 1 17
558 276 46
559 511 11
559 380 1
559 538 16
559 284 10
560 347 10
560 612 27
560 299 0
560 498 8
561 29 0
561 272 38
561 332 38
561 369 34
562 453 40
562 7 10
562 462 19
562 331 38
563 378 26
563 618 48
563 311 18
563 429 13
564 441 7
564 207 28
564 50 40
564 546 32
565 108 19
565 622 37
565 566 14
565 361 22
566 220 6
566 75 11
566 28 45
566 249 8
567 309 43
567 687 39
567 374 38
567 266 17
568 709 43
568 423 13
568 398 11
568 666 21
569 585 9
569 264 31
569 236 27
569 317 49
570 250 3
570 649 44
570 537 30
570 40 10
571 536 31
571 484 17
571 499 10
571 425 7
572 307 6
572 175 44
572 502 19
572 214 38
573 338 48
573 601 47
573 223 33
573 104 17
574 164 26
574 260 8
574 146 1
574 334 8
575 373 20
575 16 37
575 396 5
575 376 5
576 430 1
576 525 18
576 342 50
576 80 10
577 320 2
577 700 24
577 201 36
577 534 24
578 179 35
578 591 44
578 294 16
578 594 1
579 182 39
579 77 47
579 454 21
579 382 22
580 268 37
580 490 33
580 597 18
580 246 17
581 545 31
581 297 16
581 458 8
581 212 19
582 33 30
582 698 41
582 349 9
582 555 0
583 610 16
583 22 17
583 193 10
583 238 15
584 192 20
584 560 21
584 468 50
584 251 37
585 671 13
585 526 38
585 368 0
585 174 19
586 530 7
586 17 2
586 47 22
586 114 46
587 384 33
587 521 2
587 556 36
587 625 38
588 96 10
588 247 20
588 340 19
588 36 50
589 0 31
589 134 39
589 5 10
589 702 32
590 233 28
590 542 17
590 327 47
590 194 45
591 644 36
591 395 25
591 248 12
591 360 8
592 510 16
592 280 17
592 101 25
592 88 18
593 653 27
593 275 25
593 646 36
593 112 22
594 321 16
594 639 37
594 381 48
594 689 23
595 38 7
595 471 8
595 418 18
595 725 14
596 567 45
596 652 11
596 651 43
596 144 39
597 607 42
597 87 49
597 570 14
597 278 17
598 226 19
598 239 19
598 727 39
598 43 3
599 519 21
599 668 29
599 504 22
599 726 29
600 445 50
600 543 29
600 489 24
600 6 42
601 289 41
601 269 23
601 319 27
601 325 23
602 99 36
602 435 5
602 492 36
602 431 7
603 136 22
603 141 2
603 358 9
603 191 12
604 619 31
604 145 3
604 482 3
604 64 42
605 154 12
605 57 47
605 72 2
605 523 29
606 199 11
606 177 45
606 648 47
606 202 19
607 326 3
607 696 4
607 676 38
607 3 13
608 602 36
608 62 28
608 100 4
608 313 12
609 690 32
609 150 46
609 466 46
609 561 11
610 551 38
610 259 13
610 500 50
610 133 26
611 59 23
611 675 23
611 257 6
611 662 28
612 481 36
612 474 8
612 41 44
612 405 38
613 399 11
613 310 41
613 627 48
613 724 12
614 552 10
614 51 50
614 674 32
614 279 46
615 705 47
615 364 3
615 576 27
615 215 10
616 344 0
616 235 44
616 73 14
616 383 40
617 669 47
617 303 11
617 703 31
617 163 48
618 511 0
618 487 21
618 312 17
618 461 22
619 347 29
619 665 8
619 728 33
619 13 49
620 29 10
620 640 11
620 329 38
620 541 42
621 453 29
621 410 22
621 679 33
621 245 35
622 378 24
622 370 13
622 553 4
622 540 33
623 441 27
623 48 31
623 493 50
623 608 11
624 108 42
624 412 7
624 655 17
624 159 14
625 220 31
625 548 32
625 467 44
625 354 15
626 309 42
626 563 8
626 84 37
626 613 35
627 709 22
627 352 23
627 532 33
627 356 0
628 585 45
628 170 27
628 143 38
628 45 7
629 250 50
629 616 8
629 629 21
629 579 37
630 536 20
630 715 34
630 185 42
630 621 45
631 307 13
631 242 4
631 213 44
631 491 8
632 338 33
632 292 21
632 554 9
632 149 1
633 164 3
633 119 31
633 166 24
633 589 42
634 373 28
634 165 9
634 393 27
634 92 6
635 430 7
635 135 37
635 494 3
635 387 30
636 320 16
636 210 10
636 507 46
636 496 21
637 179 48
637 420 29
637 495 38
637 656 2
638 182 4
638 483 1
638 109 6
638 638 46
639 268 36
639 173 19
639 42 35
639 102 21
640 545 35
640 389 10
640 305 19
640 263 2
641 33 7
641 67 4
641 568 34
641 35 18
642 610 13
642 588 36
642 237 16
642 158 38
643 192 44
643 623 7
643 255 6
643 711 13
644 671 27
644 37 25
644 509 39
644 221 8
645 530 14
645 204 3
645 380 37
645 717 8
646 384 41
646 714 45
646 612 39
646 151 22
647 96 25
647 465 40
647 272 28
647 350 45
648 0 7
648 228 50
648 7 29
648 183 1
649 233 43
649 86 6
649 618 1
649 531 29
650 644 44
650 408 29
650 207 10
650 68 30
651 510 11
651 379 46
651 622 9
651 225 25
652 653 21
652 71 12
652 75 31
652 528 21
653 321 18
653 699 30
653 687 28
653 506 40
654 38 29
654 181 25
654 423 13
654 681 29
655 567 21
655 434 16
655 264 15
655 128 35
656 607 43
656 339 28
656 649 50
656 475 14
657 226 47
657 707 30
657 484 7
657 457 3
658 519 40
658 630 31
658 175 33
658 196 2
659 445 33
659 25 8
659 601 49
659 230 32
660 289 7
660 624 13
660 260 13
660 195 41
661 99 16
661 452 29
661 16 46
661 116 16
662 136 10
662 111 7
662 525 45
662 658 20
663 619 26
663 712 25
663 700 17
663 171 41
664 154 39
664 539 6
664 591 25
664 641 40
665 199 27
665 524 23
665 77 49
665 78 33
666 326 43
666 335 39
666 490 49
666 366 13
667 602 16
667 295 13
667 297 24
667 271 22
668 690 26
668 593 17
668 698 42
668 449 10
669 551 29
669 606 50
669 22 24
669 318 8
670 59 44
670 180 24
670 560 49
670 27 5
671 481 33
671 713 27
671 526 29
671 436 25
672 399 11
672 106 1
672 17 25
672 208 26
673 552 6
673 293 19
673 521 4
673 564 8
674 705 10
674 11 43
674 247 34
674 359 18
675 344 12
675 388 2
675 134 45
675 657 42
676 669 48
676 56 11
676 542 4
676 463 26
677 511 36
677 60 20
677 395 23
677 505 2
678 347 16
678 316 20
678 280 38
678 152 40
679 29 39
679 184 48
679 275 7
679 273 3
680 453 5
680 485 33
680 639 0
680 124 13
681 378 0
681 670 27
681 471 10
681 162 31
682 441 40
682 476 10
682 652 26
682 391 0
683 108 49
683 270 23
683 87 5
683 437 42
684 220 25
684 69 12
684 239 2
684 98 13
685 309 30
685 633 12
685 668 15
685 682 15
686 709 45
686 49 36
686 543 15
686 357 3
687 585 25
687 488 29
687 269 29
687 18 23
688 250 45
688 94 30
688 435 7
688 404 9
689 536 23
689 160 26
689 141 22
689 302 11
690 307 44
690 231 16
690 145 49
690 345 29
691 338 39
691 323 4
691 57 47
691 296 41
692 164 45
692 4 9
692 177 2
692 708 10
693 373 43
693 20 47
693 696 11
693 91 8
694 430 45
694 315 26
694 62 5
694 464 48
695 320 47
695 427 17
695 150 35
695 267 24
696 179 28
696 155 6
696 259 24
696 547 48
697 182 41
697 599 36
697 675 23
697 129 15
698 268 26
698 426 4
698 474 43
698 403 38
699 545 42
699 206 19
699 310 42
699 586 25
700 33 43
700 508 24
700 51 42
700 631 13
701 610 42
701 176 41
701 364 15
701 110 39
702 192 15
702 122 16
702 235 17
702 460 24
703 671 13
703 34 14
703 303 12
703 501 41
704 530 27
704 351 26
704 487 27
704 200 7
705 384 3
705 46 40
705 665 12
705 440 47
706 96 28
706 549 4
706 640 29
706 659 22
707 0 7
707 642 20
707 410 7
707 8 10
708 233 8
708 587 14
708 370 44
708 721 39
709 644 23
709 446 21
709 48 15
709 592 1
710 510 37
710 416 25
710 412 0
710 276 1
711 653 17
711 720 29
711 548 49
711 284 27
712 321 18
712 654 20
712 563 48
712 498 26
713 38 40
713 277 6
713 352 14
713 369 36
714 567 0
714 513 10
714 170 1
714 331 22
715 607 38
715 518 9
715 616 41
715 429 5
716 226 2
716 209 25
716 715 22
716 546 31
717 519 45
717 472 44
717 242 19
717 361 13
718 445 36
718 605 17
718 292 11
718 249 29
719 289 48
719 105 8
719 119 42
719 266 47
720 99 49
720 153 46
720 165 37
720 666 32
721 136 5
721 706 8
721 135 41
721 317 32
722 619 44
722 79 47
722 210 5
722 40 1
723 154 10
723 428 21
723 420 2
723 425 29
724 199 11
724 645 36
724 483 29
724 214 15
725 326 27
725 486 3
725 173 49
725 104 1
726 602 11
726 131 16
726 389 35
726 334 44
727 690 27
727 575 43
727 67 13
727 376 34
728 551 12
728 39 0
728 588 12
728 80 2
