0 201 25
0 275 27
0 309 4
1 527 24
1 129 6
1 16 2
2 498 17
2 387 50
2 575 20
3 557 12
3 536 43
3 680 37
4 243 9
4 320 48
4 564 25
5 560 6
5 629 37
5 682 8
6 146 34
6 661 20
6 496 39
7 48 5
7 633 36
7 438 38
8 670 35
8 449 43
8 572 2
9 286 11
9 542 32
9 641 37
10 226 20
10 47 6
10 543 45
11 334 4
11 658 28
11 600 2
12 386 46
12 220 1
12 196 5
13 133 25
13 331 8
13 445 28
14 131 38
14 231 4
14 491 25
15 504 5
15 22 5
15 466 5
16 474 27
16 550 15
16 369 1
17 675 29
17 607 34
17 66 0
18 74 41
18 703 10
18 605 37
19 381 24
19 267 33
19 611 40
20 41 46
20 603 21
20 698 47
21 127 25
21 604 39
21 493 50
22 647 12
22 558 2
22 385 2
23 632 8
23 8 4
23 655 14
24 586 37
24 94 5
24 240 13
25 268 15
25 255 11
25 396 42
26 482 48
26 434 8
26 431 19
27 235 2
27 237 5
27 356 11
28 53 15
28 377 11
28 711 17
29 483 38
29 170 50
29 370 33
30 125 42
30 479 5
30 202 8
31 30 11
31 515 46
31 167 5
32 353 38
32 665 17
32 112 48
33 354 44
33 660 11
33 38 16
34 453 35
34 163 1
34 671 28
35 209 43
35 429 25
35 304 43
36 500 0
36 591 46
36 654 50
37 623 18
37 311 31
37 330 25
38 634 36
38 222 16
38 121 49
39 668 45
39 78 41
39 206 21
40 415 28
40 677 12
40 690 16
41 285 43
41 319 21
41 147 33
42 529 18
42 264 41
42 701 22
43 371 7
43 20 35
43 713 43
44 315 12
44 484 10
44 395 20
45 577 2
45 135 21
45 123 15
46 61 17
46 459 21
46 618 36
47 177 31
47 244 44
47 76 40
48 553 4
48 17 42
48 393 22
49 582 17
49 546 32
49 223 6
50 663 29
50 248 15
50 214 30
51 199 44
51 475 42
51 486 28
52 150 8
52 648 7
52 110 41
53 350 29
53 224 46
53 573 36
54 480 21
54 43 33
54 601 18
55 236 2
55 389 25
55 242 36
56 1 42
56 39 17
56 340 31
57 275 14
57 138 5
57 246 50
58 129 3
58 367 29
58 569 13
59 387 11
59 476 38
59 697 29
60 536 19
60 5 23
60 23 14
61 320 1
61 705 40
61 375 7
62 629 5
62 37 17
62 173 15
63 661 24
63 148 32
63 307 5
64 633 38
64 418 23
64 162 20
65 449 2
65 624 4
65 114 37
66 542 14
66 357 1
66 456 5
67 47 50
67 402 44
67 308 33
68 658 17
68 359 23
68 523 46
69 220 25
69 265 36
69 105 27
70 331 42
70 56 15
70 212 44
71 231 2
71 12 9
71 537 44
72 22 13
72 606 32
72 254 46
73 550 4
73 338 36
73 435 7
74 607 50
74 152 29
74 317 42
75 703 2
75 75 42
75 684 37
76 267 41
76 650 15
76 232 31
77 603 36
77 166 45
77 451 39
78 604 18
78 551 48
78 85 15
79 558 3
79 81 16
79 589 8
80 8 27
80 715 3
80 442 36
81 94 24
81 328 3
81 21 21
82 255 30
82 696 14
82 31 35
83 434 0
83 574 42
83 149 35
84 237 37
84 689 24
84 290 4
85 377 3
85 710 37
85 450 42
86 170 38
86 97 37
86 562 35
87 479 41
87 186 7
87 51 28
88 515 49
88 425 30
88 156 0
89 665 0
89 722 42
89 73 38
90 660 38
90 159 50
90 2 45
91 163 14
91 289 13
91 309 9
92 429 3
92 457 23
92 16 46
93 591 4
93 505 9
93 575 40
94 311 3
94 310 43
94 680 17
95 222 9
95 461 35
95 564 29
96 78 11
96 724 10
96 682 30
97 677 15
97 477 14
97 496 36
98 319 2
98 571 2
98 438 32
99 264 10
99 62 31
99 572 16
100 20 4
100 158 6
100 641 49
101 484 49
101 252 1
101 543 3
102 135 48
102 347 18
102 600 9
103 459 31
103 610 23
103 196 31
104 244 0
104 299 42
104 445 43
105 17 3
105 695 32
105 491 30
106 546 14
106 645 4
106 466 38
107 248 6
107 303 5
107 369 10
108 475 42
108 555 44
108 66 35
109 648 8
109 516 14
109 605 8
110 224 45
110 408 3
110 611 49
111 43 48
111 518 48
111 698 49
112 389 26
112 644 48
112 493 3
113 39 6
113 718 10
113 385 30
114 138 50
114 440 14
114 655 30
115 367 31
115 397 28
115 240 25
116 476 5
116 617 9
116 396 3
117 5 39
117 142 3
117 431 17
118 705 18
118 410 11
118 356 50
119 37 34
119 140 14
119 711 37
120 148 0
120 134 41
120 370 12
121 418 25
121 651 1
121 202 30
122 624 35
122 602 16
122 167 11
123 357 17
123 511 9
123 112 16
124 402 22
124 383 28
124 38 12
125 359 18
125 234 35
125 671 18
126 265 45
126 637 39
126 304 27
127 56 16
127 565 46
127 654 8
128 12 2
128 669 18
128 330 0
129 606 50
129 263 22
129 121 50
130 338 32
130 174 9
130 206 37
131 152 47
131 426 27
131 690 17
132 75 24
132 249 40
132 147 40
133 650 13
133 444 4
133 701 45
134 166 7
134 413 30
134 713 41
135 551 32
135 639 29
135 395 44
136 81 8
136 485 3
136 123 47
137 715 24
137 115 42
137 618 37
138 328 43
138 430 35
138 76 48
139 696 30
139 280 35
139 393 4
140 574 36
140 640 8
140 223 6
141 689 32
141 612 23
141 214 38
142 710 15
142 180 48
142 486 0
143 97 37
143 106 5
143 110 41
144 186 5
144 145 44
144 573 18
145 425 49
145 584 0
145 601 0
146 722 48
146 345 7
146 242 39
147 159 47
147 702 9
147 340 38
148 289 8
148 225 22
148 246 12
149 457 1
149 365 45
149 569 13
150 505 22
150 87 43
150 697 41
151 310 0
151 678 50
151 23 25
152 461 14
152 69 28
152 375 5
153 724 10
153 686 31
153 173 23
154 477 34
154 164 24
154 307 39
155 571 4
155 427 22
155 162 4
156 62 37
156 657 6
156 114 42
157 158 17
157 465 12
157 456 44
158 252 50
158 57 48
158 308 4
159 347 11
159 157 0
159 523 42
160 610 50
160 82 0
160 105 40
161 299 23
161 561 17
161 212 9
162 695 28
162 583 13
162 537 33
163 645 49
163 169 43
163 254 39
164 303 3
164 467 6
164 435 11
165 555 7
165 339 5
165 317 16
166 516 45
166 92 38
166 684 44
167 408 1
167 230 24
167 232 17
168 518 39
168 337 47
168 451 38
169 644 43
169 343 49
169 85 30
170 718 28
170 656 2
170 589 7
171 440 16
171 378 30
171 442 27
172 397 13
172 178 1
172 21 40
173 617 24
173 29 45
173 31 37
174 142 16
174 481 30
174 149 6
175 410 38
175 423 3
175 290 29
176 140 31
176 253 0
176 450 35
177 134 27
177 454 9
177 562 35
178 651 31
178 424 22
178 51 7
179 602 39
179 691 34
179 156 24
180 511 20
180 270 1
180 73 43
181 383 7
181 126 12
181 2 21
182 234 24
182 32 34
182 309 10
183 637 44
183 463 12
183 16 24
184 565 16
184 183 36
184 575 23
185 669 17
185 621 25
185 680 33
186 263 15
186 64 23
186 564 22
187 174 5
187 28 1
187 682 12
188 426 16
188 298 47
188 496 29
189 249 5
189 86 15
189 438 7
190 444 49
190 72 10
190 572 48
191 413 40
191 15 11
191 641 22
192 639 42
192 139 43
192 543 41
193 485 16
193 541 1
193 600 6
194 115 35
194 717 9
194 196 23
195 430 16
195 712 15
195 445 6
196 280 29
196 143 0
196 491 11
197 640 48
197 662 3
197 466 40
198 612 17
198 549 0
198 369 28
199 180 21
199 592 20
199 66 12
200 106 48
200 54 5
200 605 10
201 145 36
201 685 6
201 611 48
202 584 12
202 462 6
202 698 11
203 345 43
203 452 14
203 493 14
204 702 15
204 291 42
204 385 32
205 225 4
205 659 30
205 655 25
206 365 12
206 213 19
206 240 30
207 87 44
207 11 4
207 396 41
208 678 27
208 203 8
208 431 5
209 69 33
209 400 20
209 356 50
210 686 34
210 428 20
210 711 35
211 164 40
211 287 14
211 370 27
212 427 2
212 27 18
212 202 24
213 657 50
213 60 28
213 167 44
214 465 28
214 708 21
214 112 25
215 57 20
215 292 24
215 38 15
216 157 39
216 599 0
216 671 11
217 82 1
217 256 46
217 304 43
218 561 42
218 113 11
218 654 33
219 583 42
219 681 43
219 330 16
220 169 48
220 18 34
220 121 2
221 467 4
221 276 47
221 206 5
222 339 49
222 261 15
222 690 3
223 92 10
223 388 6
223 147 45
224 230 2
224 10 11
224 701 47
225 337 35
225 652 7
225 713 34
226 343 31
226 666 9
226 395 2
227 656 22
227 366 18
227 123 32
228 378 19
228 99 36
228 618 44
229 178 40
229 530 8
229 76 46
230 29 27
230 6 34
230 393 7
231 481 45
231 446 7
231 223 44
232 423 45
232 257 18
232 214 2
233 253 38
233 455 11
233 486 27
234 454 18
234 374 4
234 110 14
235 424 35
235 40 11
235 573 13
236 691 27
236 503 45
236 601 23
237 270 17
237 417 12
237 242 35
238 126 9
238 716 23
238 340 43
239 32 19
239 274 34
239 246 21
240 463 1
240 448 10
240 569 36
241 183 8
241 238 28
241 697 49
242 621 48
242 79 18
242 23 46
243 64 0
243 83 29
243 375 28
244 28 9
244 294 8
244 173 47
245 298 18
245 325 13
245 307 27
246 86 41
246 241 22
246 162 13
247 72 26
247 416 2
247 114 18
248 15 42
248 630 30
248 456 13
249 139 19
249 205 19
249 308 29
250 541 49
250 130 24
250 523 25
251 717 12
251 251 10
251 105 5
252 712 36
252 185 45
252 212 37
253 143 8
253 614 9
253 537 35
254 662 24
254 514 23
254 254 12
255 549 6
255 522 38
255 435 33
256 592 48
256 344 18
256 317 20
257 54 38
257 181 27
257 684 48
258 685 29
258 116 7
258 232 33
259 462 7
259 464 16
259 451 4
260 452 17
260 502 9
260 85 42
261 291 28
261 649 19
261 589 27
262 659 17
262 120 44
262 442 23
263 213 26
263 727 50
263 21 12
264 11 48
264 578 12
264 31 47
265 203 21
265 580 16
265 149 10
266 400 21
266 391 10
266 290 45
267 428 22
267 70 50
267 450 38
268 287 38
268 664 33
268 562 37
269 27 37
269 398 1
269 51 40
270 60 15
270 45 50
270 156 3
271 708 43
271 65 43
271 73 5
272 292 8
272 271 1
272 2 15
273 599 43
273 80 16
273 309 31
274 256 26
274 42 17
274 16 16
275 113 28
275 488 43
275 575 47
276 681 35
276 683 19
276 680 7
277 18 44
277 312 17
277 564 19
278 276 0
278 95 18
278 682 30
279 261 18
279 67 47
279 496 23
280 388 25
280 124 19
280 438 45
281 10 27
281 472 28
281 572 28
282 652 11
282 4 5
282 641 15
283 666 31
283 191 45
283 543 16
284 366 39
284 211 21
284 600 14
285 99 3
285 401 33
285 196 21
286 530 3
286 508 0
286 445 20
287 6 13
287 432 25
287 491 39
288 446 21
288 247 13
288 466 13
289 257 43
289 512 17
289 369 13
290 455 19
290 613 6
290 66 24
291 374 22
291 628 27
291 605 35
292 40 36
292 182 2
292 611 29
293 503 27
293 362 17
293 698 45
294 417 10
294 52 27
294 493 28
295 716 27
295 719 2
295 385 41
296 274 41
296 33 37
296 655 13
297 448 40
297 414 13
297 240 4
298 238 1
298 314 49
298 396 6
299 79 28
299 422 15
299 431 46
300 83 19
300 460 11
300 356 21
301 294 36
301 221 40
301 711 33
302 325 22
302 327 24
302 370 29
303 241 28
303 84 49
303 202 30
304 416 7
304 597 34
304 167 25
305 630 45
305 239 11
305 112 40
306 205 15
306 228 43
306 38 47
307 130 28
307 272 25
307 671 30
308 251 14
308 216 17
308 304 26
309 185 42
309 412 17
309 654 31
310 614 26
310 284 33
310 330 48
311 514 47
311 390 19
311 121 40
312 522 22
312 207 38
312 206 27
313 344 33
313 102 23
313 690 14
314 181 9
314 245 40
314 147 21
315 116 7
315 419 17
315 701 14
316 464 19
316 259 36
316 713 40
317 502 35
317 160 0
317 395 18
318 649 41
318 141 23
318 123 16
319 120 4
319 439 11
319 618 24
320 727 17
320 233 43
320 76 48
321 578 31
321 588 3
321 393 26
322 580 22
322 566 40
322 223 17
323 391 39
323 609 13
323 214 50
324 70 32
324 161 17
324 486 34
325 664 21
325 144 4
325 110 47
326 398 21
326 63 48
326 573 27
327 45 20
327 421 11
327 601 34
328 65 12
328 168 12
328 242 49
329 271 29
329 373 10
329 340 21
330 80 8
330 198 25
330 246 28
331 42 40
331 175 0
331 569 15
332 488 36
332 672 30
332 697 39
333 683 48
333 509 39
333 23 25
334 312 28
334 361 1
334 375 15
335 95 45
335 204 6
335 173 48
336 67 42
336 332 48
336 307 50
337 124 7
337 300 0
337 162 19
338 472 46
338 470 37
338 114 18
339 4 10
339 323 47
339 456 19
340 191 9
340 154 38
340 308 30
341 211 44
341 155 0
341 523 37
342 401 9
342 363 43
342 105 29
343 508 33
343 171 14
343 212 24
344 432 38
344 262 46
344 537 7
345 247 17
345 322 24
345 254 24
346 512 16
346 635 14
346 435 30
347 613 27
347 405 28
347 317 17
348 628 20
348 273 17
348 684 41
349 182 27
349 91 11
349 232 39
350 362 44
350 3 8
350 451 46
351 52 1
351 704 5
351 85 47
352 719 1
352 326 45
352 589 44
353 33 37
353 258 4
353 442 4
354 414 19
354 379 11
354 21 42
355 314 40
355 278 30
355 31 13
356 422 32
356 495 33
356 149 31
357 460 30
357 118 32
357 290 11
358 221 47
358 513 38
358 450 8
359 327 15
359 520 18
359 562 39
360 84 9
360 559 41
360 51 19
361 597 12
361 324 44
361 156 12
362 239 6
362 165 27
362 73 11
363 228 9
363 59 27
363 2 26
364 272 32
364 109 30
364 309 34
365 216 7
365 620 23
365 16 12
366 412 22
366 101 38
366 575 48
367 284 4
367 301 37
367 680 25
368 390 24
368 490 2
368 564 2
369 207 43
369 360 49
369 682 20
370 102 9
370 616 12
370 496 24
371 245 21
371 478 42
371 438 19
372 419 7
372 436 19
372 572 19
373 259 37
373 119 0
373 641 35
374 160 25
374 382 45
374 543 20
375 141 39
375 368 20
375 600 6
376 439 50
376 687 23
376 196 27
377 233 4
377 622 24
377 445 29
378 588 8
378 122 38
378 491 40
379 566 26
379 501 13
379 466 13
380 609 1
380 674 28
380 369 19
381 161 3
381 376 6
381 66 44
382 144 30
382 619 48
382 605 36
383 63 13
383 567 47
383 611 40
384 421 1
384 88 21
384 698 20
385 168 43
385 725 25
385 493 50
386 373 38
386 728 35
386 385 31
387 198 13
387 194 50
387 655 29
388 175 2
388 528 3
388 240 30
389 672 38
389 403 20
389 396 9
390 509 46
390 297 3
390 431 21
391 361 19
391 313 4
391 356 12
392 204 26
392 189 43
392 711 15
393 332 6
393 497 26
393 370 18
394 300 41
394 441 7
394 202 6
395 470 7
395 587 43
395 167 13
396 323 18
396 35 14
396 112 6
397 154 38
397 506 34
397 38 8
398 155 50
398 117 24
398 671 15
399 363 20
399 492 31
399 304 15
400 171 31
400 409 35
400 654 39
401 262 42
401 473 15
401 330 46
402 322 5
402 200 44
402 121 19
403 635 1
403 534 22
403 206 30
404 405 48
404 333 8
404 690 15
405 273 36
405 548 46
405 147 30
406 91 24
406 283 18
406 701 8
407 3 7
407 699 20
407 713 2
408 704 47
408 96 3
408 395 30
409 326 29
409 352 8
409 123 45
410 258 39
410 93 22
410 618 18
411 379 26
411 510 40
411 76 31
412 278 8
412 218 38
412 393 29
413 495 3
413 342 5
413 223 6
414 118 49
414 195 2
414 214 48
415 513 38
415 190 48
415 486 29
416 520 18
416 721 35
416 110 38
417 559 28
417 471 35
417 573 15
418 324 20
418 176 4
418 601 4
419 165 25
419 540 37
419 242 49
420 59 32
420 266 16
420 340 27
421 109 26
421 679 3
421 246 21
422 620 5
422 14 7
422 569 19
423 101 42
423 215 0
423 697 2
424 301 36
424 19 7
424 23 13
425 490 3
425 46 38
425 375 15
426 360 30
426 531 5
426 173 32
427 616 12
427 532 15
427 307 39
428 478 6
428 525 15
428 162 5
429 436 26
429 187 24
429 114 24
430 119 0
430 282 24
430 456 9
431 382 4
431 346 14
431 308 34
432 368 32
432 494 21
432 523 1
433 687 38
433 636 6
433 105 41
434 622 42
434 593 4
434 212 37
435 122 2
435 653 42
435 537 22
436 501 1
436 638 10
436 254 45
437 674 16
437 192 38
437 435 6
438 376 25
438 349 7
438 317 16
439 619 1
439 335 6
439 684 1
440 567 2
440 293 31
440 232 3
441 88 36
441 545 49
441 451 42
442 725 36
442 676 29
442 85 35
443 728 24
443 316 33
443 589 10
444 194 37
444 692 49
444 442 50
445 528 0
445 281 47
445 21 10
446 403 11
446 68 1
446 31 42
447 297 25
447 380 50
447 149 24
448 313 8
448 58 37
448 290 7
449 189 44
449 188 42
449 450 20
450 497 5
450 329 39
450 562 47
451 441 31
451 341 3
451 51 49
452 587 20
452 627 46
452 156 27
453 35 24
453 55 38
453 73 22
454 506 46
454 643 13
454 2 0
455 117 34
455 295 46
455 309 14
456 492 9
456 153 45
456 16 14
457 409 15
457 355 21
457 575 37
458 473 10
458 372 4
458 680 20
459 200 3
459 411 0
459 564 4
460 534 3
460 184 28
460 682 27
461 333 40
461 406 4
461 496 45
462 548 48
462 594 30
462 438 44
463 283 35
463 646 39
463 572 33
464 699 45
464 526 7
464 641 24
465 96 7
465 318 42
465 543 12
466 352 39
466 709 9
466 600 41
467 93 30
467 107 32
467 196 0
468 510 29
468 288 45
468 445 3
469 218 12
469 433 41
469 491 43
470 342 49
470 693 43
470 466 30
471 195 40
471 132 2
471 369 19
472 190 27
472 227 8
472 66 21
473 721 12
473 706 28
473 605 21
474 471 10
474 137 4
474 611 1
475 176 44
475 576 27
475 698 23
476 540 45
476 468 12
476 493 4
477 266 22
477 507 24
477 385 49
478 679 30
478 49 6
478 655 49
479 14 34
479 437 36
479 240 50
480 215 29
480 250 33
480 396 36
481 19 32
481 407 10
481 431 28
482 46 44
482 570 45
482 356 50
483 531 49
483 364 23
483 711 48
484 532 41
484 714 22
484 370 20
485 525 41
485 579 11
485 202 16
486 187 23
486 458 17
486 167 13
487 282 12
487 25 15
487 112 18
488 346 28
488 24 36
488 38 31
489 494 2
489 44 19
489 671 35
490 636 5
490 348 34
490 304 31
491 593 34
491 7 32
491 654 17
492 653 6
492 392 22
492 330 1
493 638 45
493 336 12
493 121 35
494 192 3
494 554 39
494 206 36
495 349 42
495 552 2
495 690 18
496 335 34
496 720 49
496 147 23
497 293 34
497 384 14
497 701 6
498 545 8
498 100 13
498 713 7
499 676 7
499 128 44
499 395 20
500 316 38
500 499 33
500 123 17
501 692 50
501 306 2
501 618 3
502 281 8
502 547 15
502 76 15
503 68 19
503 556 36
503 393 3
504 380 3
504 90 18
504 223 13
505 58 50
505 193 11
505 214 49
506 188 43
506 111 28
506 486 1
507 329 37
507 136 41
507 110 0
508 341 15
508 36 48
508 573 25
509 627 15
509 595 5
509 601 40
510 55 14
510 563 44
510 242 40
511 643 26
511 104 24
511 340 12
512 295 1
512 667 49
512 246 13
513 153 11
513 197 42
513 569 32
514 355 14
514 631 10
514 697 33
515 372 2
515 487 7
515 23 21
516 411 48
516 404 18
516 375 18
517 184 31
517 535 9
517 173 49
518 406 1
518 596 28
518 307 0
519 594 11
519 269 3
519 162 16
520 646 8
520 108 4
520 114 23
521 526 40
521 590 40
521 456 23
522 318 35
522 598 43
522 308 41
523 709 33
523 13 33
523 523 23
524 107 2
524 707 17
524 105 50
525 288 27
525 538 27
525 212 45
526 433 35
526 77 27
526 537 9
527 693 25
527 642 24
527 254 21
528 132 41
528 544 22
528 435 17
529 227 32
529 615 30
529 317 24
530 706 32
530 351 9
530 684 11
531 137 50
531 305 10
531 232 40
532 576 21
532 0 28
532 451 24
533 468 14
533 201 8
533 85 36
534 507 42
534 527 46
534 589 31
535 49 26
535 498 44
535 442 4
536 437 22
536 557 22
536 21 44
537 250 12
537 243 5
537 31 43
538 407 27
538 560 43
538 149 24
539 570 48
539 146 30
539 290 2
540 364 46
540 48 4
540 450 33
541 714 17
541 670 16
541 562 6
542 579 32
542 286 32
542 51 19
543 458 5
543 226 14
543 156 19
544 25 40
544 334 26
544 73 10
545 24 28
545 386 44
545 2 22
546 44 25
546 133 4
546 309 37
547 348 31
547 131 32
547 16 25
548 7 46
548 504 13
548 575 22
549 392 25
549 474 31
549 680 14
550 336 32
550 675 8
550 564 33
551 554 1
551 74 20
551 682 4
552 552 39
552 381 16
552 496 45
553 720 28
553 41 44
553 438 2
554 384 21
554 127 10
554 572 29
555 100 17
555 647 10
555 641 33
556 128 23
556 632 30
556 543 29
557 499 26
557 586 39
557 600 32
558 306 2
558 268 33
558 196 0
559 547 14
559 482 10
559 445 7
560 556 43
560 235 38
560 491 22
561 90 32
561 53 44
561 466 3
562 193 10
562 483 7
562 369 25
563 111 32
563 125 31
563 66 21
564 136 26
564 30 41
564 605 38
565 36 33
565 353 21
565 611 46
566 595 49
566 354 49
566 698 22
567 563 6
567 453 22
567 493 16
568 104 50
568 209 40
568 385 40
569 667 11
569 500 10
569 655 39
570 197 36
570 623 27
570 240 46
571 631 45
571 634 14
571 396 6
572 487 49
572 668 22
572 431 46
573 404 9
573 415 15
573 356 49
574 535 24
574 285 42
574 711 5
575 596 35
575 529 5
575 370 34
576 269 23
576 371 21
576 202 29
577 108 19
577 315 29
577 167 50
578 590 25
578 577 29
578 112 9
579 598 11
579 61 16
579 38 13
580 13 46
580 177 16
580 671 14
581 707 12
581 553 22
581 304 16
582 538 21
582 582 40
582 654 0
583 77 49
583 663 2
583 330 40
584 642 11
584 199 25
584 121 10
585 544 19
585 150 46
585 206 35
586 615 10
586 350 48
586 690 43
587 351 24
587 480 16
587 147 6
588 305 7
588 236 49
588 701 35
589 0 5
589 1 16
589 713 34
590 201 15
590 275 47
590 395 33
591 527 8
591 129 43
591 123 31
592 498 46
592 387 35
592 618 32
593 557 39
593 536 47
593 76 25
594 243 6
594 320 19
594 393 8
595 560 13
595 629 27
595 223 48
596 146 4
596 661 25
596 214 19
597 48 43
597 633 9
597 486 50
598 670 3
598 449 23
598 110 43
599 286 12
599 542 5
599 573 37
600 226 42
600 47 3
600 601 18
601 334 28
601 658 26
601 242 23
602 386 44
602 220 24
602 340 43
603 133 14
603 331 0
603 246 39
604 131 31
604 231 34
604 569 38
605 504 43
605 22 26
605 697 14
606 474 5
606 550 43
606 23 2
607 675 44
607 607 48
607 375 27
608 74 32
608 703 42
608 173 37
609 381 46
609 267 6
609 307 23
610 41 42
610 603 42
610 162 50
611 127 4
611 604 30
611 114 41
612 647 16
612 558 26
612 456 5
613 632 23
613 8 25
613 308 46
614 586 11
614 94 21
614 523 22
615 268 31
615 255 36
615 105 21
616 482 47
616 434 27
616 212 49
617 235 20
617 237 26
617 537 19
618 53 38
618 377 37
618 254 6
619 483 14
619 170 14
619 435 43
620 125 12
620 479 40
620 317 19
621 30 3
621 515 37
621 684 24
622 353 6
622 665 45
622 232 12
623 354 23
623 660 7
623 451 17
624 453 48
624 163 35
624 85 17
625 209 42
625 429 41
625 589 0
626 500 25
626 591 17
626 442 38
627 623 10
627 311 36
627 21 38
628 634 28
628 222 27
628 31 46
629 668 14
629 78 12
629 149 37
630 415 22
630 677 45
630 290 2
631 285 0
631 319 14
631 450 13
632 529 26
632 264 24
632 562 15
633 371 33
633 20 29
633 51 35
634 315 7
634 484 43
634 156 28
635 577 13
635 135 22
635 73 26
636 61 35
636 459 34
636 2 15
637 177 10
637 244 49
637 309 19
638 553 26
638 17 15
638 16 12
639 582 7
639 546 0
639 575 17
640 663 48
640 248 14
640 680 20
641 199 11
641 475 22
641 564 22
642 150 11
642 648 6
642 682 35
643 350 47
643 224 22
643 496 36
644 480 31
644 43 40
644 438 0
645 236 22
645 389 16
645 572 33
646 1 41
646 39 45
646 641 39
647 275 6
647 138 16
647 543 38
648 129 20
648 367 45
648 600 37
649 387 18
649 476 48
649 196 46
650 536 10
650 5 48
650 445 20
651 320 24
651 705 34
651 491 13
652 629 10
652 37 19
652 466 38
653 661 14
653 148 1
653 369 45
654 633 11
654 418 14
654 66 6
655 449 3
655 624 0
655 605 4
656 542 22
656 357 19
656 611 46
657 47 10
657 402 35
657 698 42
658 658 17
658 359 35
658 493 0
659 220 16
659 265 21
659 385 46
660 331 2
660 56 4
660 655 14
661 231 40
661 12 21
661 240 48
662 22 33
662 606 19
662 396 22
663 550 45
663 338 49
663 431 43
664 607 50
664 152 45
664 356 17
665 703 6
665 75 44
665 711 47
666 267 11
666 650 25
666 370 40
667 603 43
667 166 20
667 202 41
668 604 3
668 551 3
668 167 6
669 558 44
669 81 47
669 112 7
670 8 19
670 715 45
670 38 6
671 94 26
671 328 49
671 671 3
672 255 46
672 696 21
672 304 17
673 434 0
673 574 46
673 654 45
674 237 9
674 689 30
674 330 14
675 377 30
675 710 48
675 121 31
676 170 25
676 97 49
676 206 45
677 479 48
677 186 40
677 690 2
678 515 39
678 425 34
678 147 27
679 665 18
679 722 18
679 701 0
680 660 0
680 159 43
680 713 38
681 163 11
681 289 14
681 395 25
682 429 20
682 457 19
682 123 2
683 591 29
683 505 19
683 618 19
684 311 5
684 310 9
684 76 1
685 222 14
685 461 17
685 393 4
686 78 25
686 724 9
686 223 19
687 677 21
687 477 6
687 214 2
688 319 7
688 571 28
688 486 30
689 264 26
689 62 36
689 110 19
690 20 50
690 158 29
690 573 14
691 484 8
691 252 30
691 601 44
692 135 19
692 347 49
692 242 17
693 459 6
693 610 21
693 340 22
694 244 1
694 299 42
694 246 42
695 17 26
695 695 25
695 569 19
696 546 32
696 645 35
696 697 28
697 248 47
697 303 4
697 23 13
698 475 34
698 555 32
698 375 17
699 648 31
699 516 28
699 173 21
700 224 24
700 408 39
700 307 27
701 43 36
701 518 3
701 162 36
702 389 50
702 644 31
702 114 39
703 39 31
703 718 14
703 456 35
704 138 4
704 440 14
704 308 0
705 367 39
705 397 15
705 523 48
706 476 12
706 617 25
706 105 25
707 5 44
707 142 34
707 212 29
708 705 5
708 410 49
708 537 7
709 37 18
709 140 15
709 254 16
710 148 23
710 134 7
710 435 32
711 418 38
711 651 38
711 317 3
712 624 28
712 602 37
712 684 7
713 357 42
713 511 18
713 232 48
714 402 45
714 383 10
714 451 46
715 359 42
715 234 19
715 85 24
716 265 35
716 637 2
716 589 24
717 56 48
717 565 0
717 442 36
718 12 19
718 669 48
718 21 0
719 606 15
719 263 1
719 31 10
720 338 15
720 174 9
720 149 0
721 152 5
721 426 11
721 290 32
722 75 27
722 249 42
722 450 32
723 650 5
723 444 22
723 562 5
724 166 3
724 413 2
724 51 25
725 551 50
725 639 2
725 156 45
726 81 30
726 485 27
726 73 44
727 715 38
727 115 9
727 2 19
728 328 33
728 430 38
728 309 41
