0 56 19
0 73 30
1 43 4
1 8 32
2 12 32
2 60 15
3 52 2
3 34 6
4 80 24
4 3 30
5 25 20
5 7 23
6 74 49
6 20 24
7 65 29
7 50 16
8 59 9
8 33 5
9 47 6
9 30 12
10 57 6
10 77 20
11 23 41
11 14 20
12 53 41
12 46 10
13 63 36
13 79 36
14 15 42
14 21 35
15 75 32
15 17 44
16 9 27
16 55 30
17 67 47
17 38 28
18 18 10
18 28 2
19 41 44
19 42 33
20 6 31
20 78 39
21 27 46
21 19 1
22 64 24
22 49 32
23 10 31
23 31 28
24 72 9
24 22 13
25 40 40
25 51 46
26 11 1
26 4 16
27 48 18
27 37 39
28 45 13
28 2 48
29 35 5
29 54 29
30 26 33
30 68 2
31 62 12
31 61 25
32 36 38
32 1 11
33 16 46
33 73 17
34 69 19
34 8 47
35 71 13
35 60 0
36 70 39
36 34 42
37 24 8
37 3 4
38 5 29
38 7 37
39 0 12
39 20 21
40 56 44
40 50 8
41 43 2
41 33 30
42 12 7
42 30 21
43 52 41
43 77 46
44 80 19
44 14 2
45 25 36
45 46 10
46 74 9
46 79 34
47 65 19
47 21 32
48 59 39
48 17 34
49 47 36
49 55 40
50 57 28
50 38 20
51 23 39
51 28 47
52 53 9
52 42 46
53 63 37
53 78 4
54 15 46
54 19 5
55 75 20
55 49 43
56 9 27
56 31 27
57 67 44
57 22 16
58 18 2
58 51 18
59 41 39
59 4 15
60 6 13
60 37 17
61 27 50
61 2 36
62 64 27
62 54 25
63 10 14
63 68 23
64 72 34
64 61 45
65 40 37
65 1 38
66 11 44
66 73 20
67 48 36
67 8 9
68 45 19
68 60 43
69 35 42
69 34 10
70 26 50
70 3 23
71 62 24
71 7 21
72 36 4
72 20 13
73 16 33
73 50 0
74 69 19
74 33 49
75 71 29
75 30 29
76 70 28
76 77 41
77 24 36
77 14 40
78 5 24
78 46 34
79 0 35
79 79 26
80 56 1
80 21 0
