8
17
24
30
32
37
40
59
73
76
77
89
92
97
102
104
107
116
117
125
127
132
137
141
144
152
171
178
201
202
210
216
220
232
238
250
257
263
266
268
271
281
283
285
315
320
332
348
353
354
373
376
378
392
397
400
403
404
408
426
436
465
479
481
483
486
494
495
499
503
510
523
532
541
543
543
551
573
597
606
609
615
629
635
647
661
671
675
679
680
707
727
740
745
756
769
794
812
830
830
831
839
842
849
853
861
862
863
865
868
915
927
940
943
947
959
959
961
966
966
968
971
973
986
987
994
1018
1028
1032
1040
1049
1053
1056
1057
1062
1063
1063
1064
1064
1071
1094
1120
1121
1159
1160
1182
1189
1198
1206
1208
1232
1232
1234
1246
1253
1264
1265
1267
1309
1322
1328
1335
1337
1337
1338
1347
1348
1350
1353
1362
1379
1397
1410
1419
1429
1434
1435
1451
1452
1461
1472
1472
1474
1486
1501
1506
1516
1521
1535
1539
1541
1560
1561
1561
1561
1574
1576
1578
1581
1593
1610
1622
1625
1637
1642
1648
1656
1662
1687
1697
1722
1723
1735
1737
1741
1745
1778
1781
1789
1790
1808
1815
1819
1827
1827
1828
1838
1838
1849
1852
1852
1858
1876
1897
1909
1914
1934
1936
1941
1944
1945
1950
1952
1958
1965
1984
1998
2005
2006
2008
2010
2025
2029
2039
2053
2062
2076
2076
2085
2088
2098
2115
2117
2123
2127
2143
2151
2158
2161
2166
2174
2175
2185
2185
2187
2191
2194
2204
2216
2226
2227
2241
2255
2258
2262
2267
2271
2290
2291
2291
2298
2317
2332
2334
2340
2341
2351
2361
2362
2362
2364
2377
2378
2388
2397
2433
2439
2444
2447
2459
2465
2468
2470
2476
2477
2479
2487
2519
2521
2533
2536
2542
2561
2570
2573
2578
2605
2607
2645
2665
2668
2671
2672
2675
2706
2707
2711
2729
2730
2736
2744
2747
2760
2768
2770
2797
2813
2818
2840
2846
2854
2859
2862
2868
2869
2876
2877
2879
2887
2892
2895
2895
2896
2901
2903
2908
2931
2940
2958
2963
2985
2989
2993
2994
3002
3025
3027
3042
3051
3067
3085
3087
3098
3109
3114
3118
3127
3148
3173
3174
3214
3215
3215
3231
3253
3258
3268
3293
3295
3296
3309
3310
3312
3329
3329
3344
3346
3351
3351
3352
3352
3360
3367
3400
3405
3410
3414
3422
3427
3438
3453
3464
3464
3476
3480
3490
3495
3497
3498
3504
3516
3521
3525
3533
3546
3563
3572
3576
3582
3592
3597
3599
3600
3611
3619
3638
3644
3647
3658
3666
3678
3699
3716
3717
3718
3723
3728
3741
3749
3758
3762
3765
3765
3765
3766
3769
3771
3772
3776
3787
3805
3819
3826
3832
3834
3843
3846
3860
3866
3875
3881
3886
3886
3888
3903
3906
3921
3943
3966
3972
3983
3994
4011
4020
4025
4027
4034
4062
4080
4084
4085
4085
4096
4123
4131
4146
4156
4158
4166
4174
4178
4179
4185
4186
4190
4205
4208
4211
4216
4223
4233
4233
4235
4249
4261
4269
4275
4276
4287
4310
4327
4331
4340
4352
4354
4355
4368
4383
4398
4400
4404
4412
4437
4445
4445
4454
4479
4480
4492
4505
4507
4517
4518
4522
4532
4533
4536
4539
4550
4556
4560
4573
4577
4577
4582
4588
4589
4606
4627
4631
4635
4644
4654
4655
4657
4659
4687
4691
4694
4703
4714
4714
4727
4737
4738
4740
4750
4766
4805
4805
4816
4836
4844
4846
4850
4864
4886
4890
4890
4896
4904
4904
4911
4958
4965
4973
4978
4979
4996
5002
5009
5025
5036
5056
5062
5107
5108
5109
5126
5128
5139
5143
5146
5149
5158
5163
5171
5175
5175
5176
5190
5191
5199
5201
5202
5217
5235
5239
5247
5249
5249
5250
5253
5264
5279
5292
5298
5304
5305
5311
5327
5335
5348
5351
5353
5373
5415
5426
5429
5435
5443
5450
5469
5469
5479
5484
5489
5494
5498
5501
5521
5524
5524
5530
5543
5547
5562
5565
5565
5581
5586
5609
5610
5612
5616
5617
5633
5636
5639
5642
5658
5658
5666
5667
5671
5681
5682
5700
5708
5739
5747
5764
5767
5777
5777
5787
5792
5793
5794
5794
5802
5802
5839
5848
5848
5866
5870
5875
5905
5909
5917
5924
5926
5928
5928
5930
5936
5946
5946
5965
5967
5971
5993
5998
6004
6005
6014
6015
6022
6030
6035
6038
6050
6087
6096
6100
6103
6118
6122
6127
6129
6140
6152
6154
6169
6192
6196
6205
6226
6231
6250
6252
6255
6259
6269
6282
6305
6307
6309
6309
6310
6313
6328
6339
6354
6359
6359
6377
6379
6379
6384
6392
6403
6405
6421
6425
6427
6428
6442
6449
6459
6460
6460
6474
6475
6488
6492
6501
6516
6520
6522
6534
6540
6550
6552
6573
6578
6589
6600
6617
6632
6635
6636
6654
6659
6663
6664
6667
6670
6671
6677
6679
6691
6709
6736
6747
6766
6774
6781
6782
6785
6791
6799
6816
6818
6833
6838
6845
6868
6873
6881
6882
6890
6911
6922
6928
6936
6940
6942
6942
6949
6949
6958
6959
6962
6970
6973
6975
6978
6983
6987
6988
6993
7011
7029
7031
7053
7055
7067
7086
7087
7095
7099
7105
7112
7117
7128
7128
7142
7145
7175
7176
7176
7185
7187
7189
7189
7199
7212
7221
7223
7256
7257
7295
7295
7308
7318
7319
7320
7356
7360
7360
7363
7370
7373
7380
7382
7383
7390
7411
7418
7427
7437
7445
7452
7458
7460
7460
7465
7475
7475
7478
7485
7487
7488
7497
7497
7498
7505
7520
7524
7529
7534
7539
7543
7544
7549
7550
7557
7564
7567
7602
7612
7614
7618
7644
7650
7670
7678
7685
7689
7696
7708
7717
7721
7729
7742
7759
7797
7808
7812
7812
7818
7824
7824
7828
7845
7851
7853
7854
7857
7862
7866
7867
7868
7878
7879
7885
7886
7895
7897
7905
7909
7936
7937
7938
7951
7959
7976
7977
7980
7981
7981
8000
8000
8006
8009
8014
8017
8021
8035
8042
8053
8062
8077
8082
8095
8099
8106
8109
8146
8149
8151
8162
8162
8173
8184
8186
8200
8201
8219
8224
8233
8237
8253
8256
8276
8287
8289
8295
8316
8338
8342
8352
8357
8365
8366
8370
8379
8382
8385
8394
8406
8419
8419
8420
8422
8426
8444
8450
8453
8457
8465
8466
8482
8498
8505
8509
8509
8527
8532
8533
8551
8553
8554
8565
8570
8575
8597
8622
8623
8624
8625
8630
8655
8656
8661
8664
8667
8672
8696
8703
8719
8731
8746
8749
8756
8767
8803
8817
8840
8843
8859
8860
8864
8871
8875
8877
8879
8897
8914
8923
8949
8953
8960
8990
8992
8993
8995
9001
9006
9019
9021
9027
9031
9035
9037
9075
9098
9112
9115
9115
9126
9131
9133
9134
9135
9149
9162
9162
9179
9184
9187
9197
9201
9208
9210
9213
9214
9216
9249
9257
9264
9277
9279
9280
9281
9301
9317
9319
9326
9327
9333
9343
9352
9353
9363
9375
9392
9420
9430
9438
9442
9449
9475
9488
9498
9502
9512
9513
9524
9530
9533
9540
9544
9550
9555
9569
9591
9595
9608
9623
9631
9632
9640
9653
9674
9682
9692
9705
9710
9732
9732
9738
9738
9741
9756
9757
9768
9770
9785
9791
9793
9794
9806
9806
9812
9825
9832
9835
9835
9840
9844
9847
9858
9865
9868
9879
9885
9886
9896
9902
9906
9907
9917
9918
9919
9921
9935
9938
9939
9950
9951
9958
9971
9975
9976
9976
9978
9982
9990
9991
10002
10011
10019
10023
10043
10054
10070
10076
10079
10100
10121
10145
10158
10167
10172
10181
10181
10188
10200
10209
10224
10225
10225
10231
10239
10244
10245
10248
10257
10265
10265
10271
10280
10281
10284
10288
10297
10305
10320
10323
10335
10349
10356
10357
10362
10366
10376
10387
10387
10409
10419
10427
10432
10434
10442
10450
10465
10465
10467
10468
10473
10473
10476
10478
10480
10482
10482
10485
10490
10497
10499
10504
10510
10520
10530
10540
10555
10576
10578
10578
10583
10589
10599
10605
10620
10626
10633
10648
10649
10649
10652
10654
10655
10660
10669
10674
10683
10689
10690
10704
10716
10721
10730
10731
10732
10735
10748
10751
10755
10771
10782
10785
10785
10813
10817
10863
10875
10881
10892
10895
10901
10926
10927
10934
10937
10951
10956
10964
10969
10987
10990
11001
11012
11020
11022
11045
11046
11049
11055
11059
11069
11071
11072
11076
11097
11104
11122
11130
11131
11138
11140
11156
11166
11188
11205
11210
11216
11221
11229
11249
11250
11250
11268
11273
11308
11309
11327
11330
11330
11343
11349
11352
11375
11426
11439
11441
11443
11443
11444
11460
11467
11469
11472
11478
11496
11501
11501
11536
11537
11543
11545
11545
11551
11569
11585
11587
11597
11601
11603
11621
11624
11640
11644
11647
11647
11650
11655
11663
11702
11704
11718
11721
11722
11723
11753
11763
11766
11767
11798
11800
11805
11806
11809
11809
11815
11816
11819
11824
11832
11846
11869
11870
11872
11896
11898
11910
11926
11935
11941
11952
11963
11968
11974
11980
11985
11990
11995
12013
12024
12054
12078
12080
12084
12085
12100
12101
12106
12116
12117
12127
12160
12169
12188
12193
12195
12212
12216
12217
12219
12227
12233
12242
12244
12245
12253
12254
12291
12304
12321
12327
12331
12336
12339
12349
12358
12366
12384
12388
12392
12411
12432
12434
12442
12447
12455
12469
12485
12486
12487
12498
12502
12508
12512
12522
12529
12541
12541
12544
12544
12545
12549
12572
12574
12588
12592
12595
12635
12658
12691
12693
12696
12707
12719
12721
12724
12727
12768
12776
12785
12788
12800
12818
12836
12842
12865
12869
12876
12877
12878
12882
12890
12907
12909
12915
12920
12926
12926
12927
12967
12975
12977
12979
12985
12993
13011
13028
13055
13073
13076
13085
13090
13105
13105
13112
13122
13134
13137
13140
13147
13156
13167
13182
13190
13195
13200
13203
13230
13235
13237
13247
13253
13276
13295
13298
13313
13317
13324
13326
13327
13328
13336
13353
13370
13373
13374
13382
13385
13387
13401
13402
13404
13417
13419
13422
13434
13449
13450
13459
13460
13462
13473
13494
13497
13501
13509
13511
13514
13519
13520
13528
13541
13549
13554
13557
13559
13560
13565
13568
13580
13595
13595
13606
13606
13619
13625
13632
13647
13651
13653
13655
13673
13686
13686
13686
13688
13692
13696
13702
13703
13705
13711
13719
13721
13727
13732
13750
13750
13751
13751
13769
13772
13784
13788
13793
13801
13805
13819
13823
13829
13833
13851
13857
13858
13862
13870
13873
13884
13891
13894
13899
13902
13914
13916
13929
13937
13940
13955
13992
14000
14001
14008
14010
14015
14020
14054
14062
14063
14073
14103
14109
14119
14123
14125
14127
14131
14132
14134
14146
14148
14153
14154
14159
14161
14165
14169
14187
14192
14205
14213
14216
14243
14246
14248
14290
14306
14320
14333
14349
14356
14365
14378
14400
14430
14441
14442
14444
14445
14446
14447
14462
14464
14467
14475
14479
14480
14485
14494
14496
14498
14501
14558
14559
14560
14563
14568
14574
14576
14598
14601
14603
14603
14616
14617
14637
14640
14644
14654
14658
14660
14676
14692
14708
14713
14725
14741
14743
14749
14754
14759
14759
14759
14779
14787
14800
14801
14815
14816
14820
14824
14835
14843
14848
14863
14863
14875
14882
14894
14911
14912
14922
14923
14927
14940
14942
14942
14946
14951
14953
14979
14983
14985
14986
14987
14998
15001
15011
15016
15016
15017
15020
15027
15030
15031
15033
15034
15037
15046
15054
15073
15074
15076
15081
15103
15104
15116
15122
15124
15132
15173
15181
15184
15186
15191
15197
15214
15233
15238
15249
15250
15263
15284
15285
15291
15307
15344
15347
15351
15357
15361
15365
15381
15382
15395
15396
15397
15407
15416
15426
15431
15433
15454
15465
15465
15472
15477
15485
15492
15500
15503
15504
15505
15505
15522
15564
15573
15586
15597
15603
15617
15624
15634
15636
15641
15643
15646
15661
15668
15669
15684
15699
15700
15700
15716
15729
15734
15738
15766
15774
15776
15781
15781
15837
15849
15851
15867
15867
15868
15887
15895
15906
15912
15914
15919
15922
15922
15922
15924
15935
15940
15957
15983
15988
15990
15993
16046
16052
16063
16064
16065
16076
16089
16106
16107
16118
16120
16120
16131
16135
16135
16141
16145
16146
16166
16168
16174
16179
16187
16191
16200
16211
16217
16218
16236
16254
16265
16267
16300
16322
16329
16335
16358
16368
16375
16382
16387
16407
16413
16414
16417
16419
16439
16442
16456
16462
16471
16477
16480
16483
16495
16511
16513
16531
16536
16540
16541
16547
16564
16584
16588
16593
16601
16606
16607
16613
16615
16637
16644
16644
16645
16651
16652
16657
16672
16692
16701
16743
16747
16748
16757
16762
16764
16769
16769
16775
16785
16788
16793
16798
16806
16819
16819
16828
16835
16850
16864
16884
16888
16888
16897
16901
16905
16923
16928
16931
16962
16966
16968
16970
16970
16970
16970
16985
16993
16994
17010
17011
17013
17014
17016
17042
17047
17053
17064
17069
17070
17073
17075
17103
17115
17115
17120
17126
17130
17141
17141
17143
17146
17159
17160
17165
17177
17195
17197
17203
17218
17221
17235
17236
17245
17257
17264
17265
17269
17283
17292
17297
17302
17303
17354
17355
17368
17376
17385
17389
17391
17404
17407
17407
17412
17417
17424
17425
17426
17433
17439
17440
17449
17455
17457
17487
17489
17501
17509
17510
17510
17517
17523
17529
17535
17549
17554
17555
17564
17589
17611
17622
17635
17641
17642
17675
17704
17715
17722
17753
17754
17794
17805
17805
17830
17831
17832
17839
17842
17845
17852
17859
17863
17871
17913
17916
17920
17932
17940
17954
17955
17958
17959
17959
17966
17967
17967
17971
17977
17978
17989
17996
18010
18014
18015
18017
18030
18031
18040
18040
18042
18045
18047
18058
18066
18067
18075
18078
18081
18085
18099
18127
18130
18131
18134
18142
18143
18145
18146
18154
18156
18159
18163
18164
18173
18190
18204
18206
18207
18226
18235
18253
18291
18293
18297
18301
18303
18313
18317
18326
18332
18336
18347
18349
18350
18356
18375
18389
18390
18396
18397
18408
18409
18410
18431
18446
18462
18463
18474
18478
18480
18481
18508
18512
18534
18540
18549
18561
18564
18566
18580
18589
18593
18618
18621
18626
18635
18636
18648
18650
18653
18655
18655
18660
18668
18672
18680
18693
18726
18735
18743
18752
18757
18759
18759
18774
18788
18789
18790
18791
18805
18809
18840
18871
18884
18894
18917
18926
18930
18942
18944
18944
18950
18955
18957
18968
18979
19003
19008
19021
19021
19024
19049
19072
19073
19083
19094
19100
19110
19111
19120
19130
19133
19155
19166
19168
19175
19175
19187
19191
19192
19201
19211
19223
19234
19241
19256
19264
19273
19284
19286
19291
19292
19298
19299
19307
19309
19311
19313
19320
19321
19327
19331
19342
19343
19347
19348
19354
19356
19369
19369
19373
19374
19376
19384
19385
19398
19403
19407
19412
19419
19422
19422
19426
19431
19439
19440
19449
19463
19482
19494
19496
19509
19511
19512
19514
19515
19520
19544
19546
19557
19560
19576
19589
19597
19602
19605
19606
19614
19614
19640
19643
19682
19682
19685
19701
19701
19703
19706
19718
19736
19737
19740
19763
19766
19771
19776
19788
19789
19801
19805
19812
19824
19830
19835
19836
19871
19874
19879
19890
19892
19892
19904
19904
19916
19929
19947
19959
19960
19965
19984
19996
19996
20003
20006
20009
20022
20042
20048
20055
20072
20074
20083
20084
20091
20099
20117
20123
20124
20151
20160
20166
20172
20174
20195
20199
20216
20233
20234
20244
20245
20246
20254
20256
20261
20267
20276
20290
20293
20312
20327
20331
20348
20357
20372
20374
20381
20409
20447
20453
20453
20460
20474
20477
20480
20530
20534
20541
20541
20544
20546
20550
20552
20553
20577
20578
20598
20599
20601
20602
20604
20610
20618
20619
20622
20623
20629
20634
20641
20660
20660
20662
20674
20675
20677
20678
20688
20707
20707
20708
20718
20723
20738
20739
20743
20750
20777
20778
20787
20796
20797
20798
20799
20801
20805
20811
20811
20813
20814
20819
20821
20839
20847
20852
20853
20861
20861
20871
20871
20878
20884
20884
20893
20897
20908
20940
20948
20948
20948
20949
20970
21002
21003
21008
21010
21039
21043
21048
21049
21067
21068
21082
21110
21139
21149
21161
21175
21180
21183
21197
21198
21199
21206
21211
21213
21250
21273
21274
21281
21300
21306
21309
21311
21312
21339
21344
21348
21355
21367
21369
21371
21372
21378
21381
21389
21391
21395
21396
21406
21410
21421
21432
21437
21447
21458
21459
21470
21503
21526
21534
21541
21542
21545
21545
21547
21549
21564
21575
21576
21577
21584
21590
21593
21596
21602
21603
21603
21603
21611
21635
21636
21640
21651
21652
21658
21660
21667
21678
21682
21682
21686
21687
21694
21695
21702
21703
21708
21712
21714
21728
21740
21741
21746
21748
21776
21778
21782
21791
21801
21802
21812
21816
21821
21825
21830
21831
21835
21846
21853
21856
21861
21864
21866
21872
21878
21882
21886
21892
21895
21903
21905
21908
21912
21916
21919
21923
21937
21938
21977
21988
21989
21994
21994
22001
22016
22022
22024
22036
22039
22042
22089
22092
22098
22103
22107
22133
22136
22148
22159
22160
22164
22168
22178
22197
22198
22201
22208
22221
22224
22226
22230
22239
22255
22265
22272
22275
22281
22283
22287
22300
22318
22318
22320
22324
22328
22330
22342
22350
22351
22359
22368
22370
22373
22380
22387
22396
22400
22410
22425
22430
22431
22433
22439
22461
22475
22476
22479
22481
22481
22491
22495
22510
22512
22512
22518
22520
22521
22522
22541
22573
22574
22577
22581
22591
22595
22604
22606
22614
22615
22616
22617
22620
22620
22620
22625
22627
22630
22649
22650
22655
22656
22668
22686
22691
22692
22699
22705
22723
22730
22733
22748
22751
22761
22781
22791
22801
22805
22809
22815
22839
22867
22879
22884
22911
22916
22930
22931
22934
22952
22970
22974
22990
22993
22996
23000
23002
23035
23039
23050
23076
23078
23084
23087
23115
23123
23129
23144
23163
23163
23166
23179
23187
23194
23198
23205
23207
23209
23217
23225
23235
23258
23262
23281
23284
23300
23335
23336
23355
23358
23371
23381
23389
23395
23402
23408
23409
23415
23415
23425
23465
23467
23470
23474
23480
23482
23511
23531
23538
23538
23567
23596
23601
23612
23627
23631
23636
23661
23667
23671
23671
23672
23676
23687
23692
23700
23706
23717
23725
23734
23750
23766
23774
23809
23819
23823
23826
23826
23827
23831
23846
23853
23854
23855
23863
23868
23875
23880
23893
23897
23898
23911
23922
23934
23937
23939
23943
23945
23947
23951
23959
23961
23981
23984
23993
23999
24009
24045
24048
24052
24058
24072
24074
24080
24097
24111
24124
24128
24151
24157
24183
24198
24198
24200
24200
24210
24215
24230
24239
24245
24251
24267
24270
24274
24285
24297
24315
24325
24330
24335
24355
24356
24364
24371
24383
24389
24396
24425
24434
24435
24445
24445
24449
24469
24472
24473
24490
24499
24513
24525
24526
24527
24535
24536
24551
24554
24556
24558
24590
24593
24596
24603
24604
24605
24609
24610
24616
24630
24634
24641
24643
24647
24652
24653
24663
24686
24690
24701
24720
24739
24768
24772
24772
24778
24781
24782
24784
24793
24797
24805
24807
24832
24833
24845
24848
24849
24851
24871
24874
24875
24883
24891
24891
24896
24913
24922
24928
24940
24944
24946
24950
24963
24971
24975
24982
25010
25011
25013
25027
25070
25082
25082
25083
25085
25092
25105
25109
25110
25124
25133
25136
25146
25148
25149
25155
25155
25160
25169
25176
25182
25207
25220
25222
25226
25228
25234
25244
25246
25266
25277
25284
25288
25305
25308
25309
25312
25312
25317
25322
25323
25335
25338
25361
25367
25372
25376
25386
25389
25402
25403
25411
25441
25444
25449
25456
25458
25460
25477
25477
25484
25485
25486
25505
25505
25511
25515
25518
25528
25536
25541
25543
25549
25551
25558
25559
25562
25572
25574
25576
25579
25581
25586
25590
25599
25609
25619
25626
25638
25640
25660
25668
25674
25675
25689
25693
25693
25706
25711
25715
25720
25724
25729
25736
25740
25758
25764
25789
25817
25835
25840
25842
25850
25856
25874
25885
25888
25891
25896
25896
25914
25922
25927
25932
25937
25942
25953
25958
25958
25959
25963
25968
25971
25976
25977
25983
25990
25998
26004
26022
26024
26037
26048
26058
26066
26076
26078
26099
26105
26107
26120
26129
26134
26152
26161
26167
26192
26210
26217
26218
26231
26238
26242
26271
26287
26303
26317
26326
26335
26338
26344
26351
26357
26375
26395
26407
26412
26425
26446
26446
26447
26452
26454
26458
26478
26481
26482
26498
26504
26507
26510
26537
26557
26569
26569
26586
26592
26598
26606
26613
26618
26620
26621
26630
26633
26642
26645
26657
26658
26665
26685
26688
26709
26724
26724
26732
26754
26772
26772
26796
26812
26828
26833
26844
26851
26859
26865
26867
26869
26871
26882
26883
26884
26891
26894
26900
26900
26912
26917
26945
26948
26959
26971
26992
26999
27005
27007
27009
27013
27017
27023
27031
27056
27056
27059
27071
27087
27092
27099
27106
27117
27123
27127
27136
27137
27143
27146
27161
27161
27169
27178
27180
27181
27181
27188
27209
27226
27229
27241
27281
27294
27298
27326
27334
27343
27347
27351
27371
27381
27385
27392
27394
27397
27406
27407
27432
27443
27450
27469
27470
27495
27500
27520
27530
27532
27534
27546
27547
27551
27576
27580
27583
27586
27593
27595
27599
27613
27655
27666
27689
27693
27698
27708
27710
27717
27724
27749
27753
27768
27770
27774
27781
27786
27787
27787
27822
27826
27849
27877
27877
27890
27908
27911
27920
27944
27945
27951
27951
27959
27975
27992
27996
27997
28018
28026
28037
28042
28056
28063
28065
28067
28076
28080
28086
28089
28098
28100
28104
28115
28117
28126
28149
28178
28184
28185
28206
28207
28227
28229
28233
28248
28260
28260
28262
28264
28296
28307
28315
28323
28336
28337
28354
28369
28385
28386
28390
28402
28404
28406
28413
28415
28418
28422
28437
28442
28446
28454
28458
28473
28481
28485
28491
28497
28499
28527
28534
28539
28548
28564
28567
28575
28585
28586
28587
28592
28595
28606
28615
28616
28622
28626
28629
28629
28637
28638
28638
28644
28649
28665
28667
28668
28686
28695
28711
28711
28714
28720
28722
28725
28738
28747
28765
28765
28774
28782
28788
28798
28801
28804
28808
28819
28824
28825
28828
28836
28838
28838
28843
28843
28846
28847
28861
28867
28875
28883
28888
28891
28898
28908
28914
28917
28918
28925
28943
28947
28954
28964
28968
28983
28984
29009
29013
29015
29021
29021
29024
29032
29042
29050
29054
29056
29061
29070
29072
29088
29089
29089
29097
29107
29114
29118
29122
29123
29125
29126
29128
29128
29149
29163
29175
29185
29189
29193
29195
29195
29201
29201
29214
29219
29231
29254
29255
29263
29267
29284
29288
29301
29304
29309
29309
29313
29335
29336
29341
29349
29366
29369
29369
29371
29383
29392
29392
29397
29398
29407
29428
29434
29445
29452
29452
29460
29464
29467
29472
29482
29483
29486
29489
29493
29494
29499
29505
29505
29520
29520
29522
29523
29527
29532
29541
29555
29570
29570
29588
29595
29600
29627
29631
29632
29643
29649
29652
29657
29659
29660
29666
29688
29688
29693
29713
29721
29729
29731
29736
29736
29764
29774
29776
29781
29782
29783
29788
29805
29808
29827
29872
29889
29895
29905
29908
29914
29915
29916
29926
29932
29933
29947
29953
29967
29985
29994
30005
30005
30041
30045
30059
30082
30092
30103
30113
30120
30121
30140
30142
30155
30169
30175
30187
30204
30206
30206
30212
30212
30218
30219
30224
30228
30245
30247
30252
30255
30259
30260
30263
30279
30303
30313
30329
30336
30341
30348
30358
30360
30385
30391
30392
30397
30397
30399
30409
30423
30440
30440
30445
30452
30453
30462
30464
30472
30474
30477
30494
30498
30522
30523
30528
30544
30546
30563
30569
30571
30574
30586
30587
30595
30597
30598
30599
30619
30630
30642
30647
30654
30655
30661
30661
30661
30667
30676
30692
30696
30705
30717
30719
30732
30736
30756
30762
30774
30780
30802
30814
30823
30847
30850
30852
30856
30858
30864
30866
30876
30885
30888
30892
30894
30898
30905
30906
30907
30918
30940
30940
30943
30946
30946
30962
30973
30975
30975
30977
30982
30984
30995
31000
31005
31013
31013
31015
31018
31020
31024
31039
31041
31047
31048
31068
31078
31081
31100
31103
31118
31131
31135
31135
31146
31149
31160
31163
31175
31185
31193
31200
31207
31214
31214
31218
31219
31234
31240
31261
31264
31281
31284
31287
31291
31299
31314
31330
31336
31337
31339
31343
31357
31364
31369
31373
31387
31390
31413
31414
31427
31430
31431
31452
31471
31479
31490
31526
31550
31553
31570
31573
31575
31575
31599
31601
31601
31601
31606
31621
31639
31642
31643
31644
31654
31662
31672
31690
31691
31694
31706
31706
31706
31710
31717
31718
31723
31725
31736
31738
31741
31755
31758
31769
31779
31791
31792
31802
31804
31807
31810
31821
31825
31856
31857
31861
31879
31883
31897
31899
31917
31920
31983
31991
32005
32008
32014
32019
32028
32038
32038
32041
32042
32050
32053
32055
32056
32057
32059
32062
32077
32090
32107
32108
32112
32112
32114
32119
32130
32136
32145
32151
32154
32155
32156
32161
32167
32167
32172
32182
32205
32224
32241
32260
32269
32274
32281
32288
32299
32301
32306
32317
32324
32333
32335
32336
32340
32341
32348
32353
32355
32356
32357
32363
32365
32372
32381
32383
32393
32393
32399
32399
32400
32402
32411
32429
32434
32435
32446
32466
32481
32506
32519
32525
32530
32543
32589
32598
32607
32611
32616
32634
32647
32681
32703
32711
32718
32732
32732
32736
32743
32753
